$par
  ln_H_input   ln_H_input     beta1_ct     beta1_ct     beta1_ct     beta1_ct     beta1_ct     beta1_ct     beta1_ct     beta1_ct     beta1_ct     beta1_ct     beta1_ct     beta1_ct     beta1_ct     beta1_ct 
 -0.07443042   0.14552422  -1.44816906  -1.61307887  -2.21197682  -1.84226858  -2.39935814  -2.42690986  -2.59374087  -1.92994765  -2.33941259  -2.18588051  -2.62948712  -2.21979085  -2.95423279  -2.97983724 
    beta1_ct     beta1_ct     beta1_ct     beta1_ct     beta1_ct     beta1_ct     beta1_ct     beta1_ct     beta1_ct     beta1_ct     beta1_ct     beta1_ct    lambda1_k    lambda1_k    lambda1_k    lambda1_k 
 -3.07140381  -3.22593099  -2.50614269  -2.42788231  -2.19427198  -1.90258783  -1.77816303  -1.44146244  -1.83270094  -1.64103765  -0.81566137  -0.99675832   1.12890601  -1.45651634   0.37142536  -1.39330301 
   lambda1_k    lambda1_k   L_omega1_z L_epsilon1_z    logkappa1     beta2_ct     beta2_ct     beta2_ct     beta2_ct     beta2_ct     beta2_ct     beta2_ct     beta2_ct     beta2_ct     beta2_ct     beta2_ct 
 -0.88088554  -0.06881936  -3.05920785   0.44577832  -4.01531780   2.30706001   1.75384475   2.51083587   2.01025013   1.66202326   1.83985694   2.00488695   2.00853798   1.81930959   1.75715576   1.66770727 
    beta2_ct     beta2_ct     beta2_ct     beta2_ct     beta2_ct     beta2_ct     beta2_ct     beta2_ct     beta2_ct     beta2_ct     beta2_ct     beta2_ct     beta2_ct     beta2_ct     beta2_ct    lambda2_k 
  1.81478458   1.85471397   2.00668448   1.77456302   1.53390475   1.75960604   2.02543522   2.01606500   2.07573401   2.27537962   2.42685096   2.49098646   2.50176682   2.76907071   2.67231632   1.22955225 
   lambda2_k    lambda2_k    lambda2_k    lambda2_k    lambda2_k   L_omega2_z L_epsilon2_z    logkappa2    logSigmaM 
  1.75377208   0.99823824  -0.70911810   0.16617228  -0.49898533  -1.03721574   0.40867256  -3.19096900  -0.29832999 

$objective
[1] 9485.437

$convergence
[1] 0

$iterations
[1] 2

$evaluations
function gradient 
       7        3 

$message
[1] "relative convergence (4)"

$run_time
Time difference of 8.83795 mins

$number_of_coefficients
 Total  Fixed Random 
 14437     73  14364 

$AIC
[1] 19116.87

$diagnostics
          Param starting_value Lower         MLE Upper final_gradient
1    ln_H_input      0.0000000   -50 -0.07443042    50   1.229122e-04
2    ln_H_input      0.0000000   -50  0.14552422    50  -6.034050e-05
3      beta1_ct     -5.2853171   -50 -1.44816906    50   9.138404e-05
4      beta1_ct     -5.2853171   -50 -1.61307887    50  -1.216522e-04
5      beta1_ct     -5.2853171   -50 -2.21197682    50  -1.390268e-04
6      beta1_ct     -5.2853171   -50 -1.84226858    50  -9.518960e-05
7      beta1_ct     -5.2853171   -50 -2.39935814    50  -5.011590e-05
8      beta1_ct     -5.2853171   -50 -2.42690986    50  -9.242159e-05
9      beta1_ct     -5.2853171   -50 -2.59374087    50  -1.149501e-04
10     beta1_ct     -5.2853171   -50 -1.92994765    50  -2.917415e-05
11     beta1_ct     -5.2853171   -50 -2.33941259    50  -1.530134e-04
12     beta1_ct     -5.2853171   -50 -2.18588051    50  -6.468171e-05
13     beta1_ct     -5.2853171   -50 -2.62948712    50  -8.781770e-06
14     beta1_ct     -5.2853171   -50 -2.21979085    50  -1.304999e-05
15     beta1_ct     -5.2853171   -50 -2.95423279    50  -2.132285e-05
16     beta1_ct     -5.2853171   -50 -2.97983724    50   6.289597e-05
17     beta1_ct     -5.2853171   -50 -3.07140381    50   5.925523e-05
18     beta1_ct     -5.2853171   -50 -3.22593099    50   7.880536e-05
19     beta1_ct     -5.2853171   -50 -2.50614269    50   2.994229e-05
20     beta1_ct     -5.2853171   -50 -2.42788231    50   1.094264e-05
21     beta1_ct     -5.2853171   -50 -2.19427198    50   1.508186e-05
22     beta1_ct     -5.2853171   -50 -1.90258783    50  -5.922271e-06
23     beta1_ct     -5.2853171   -50 -1.77816303    50   2.168325e-05
24     beta1_ct     -5.2853171   -50 -1.44146244    50   6.824428e-06
25     beta1_ct     -5.2853171   -50 -1.83270094    50  -1.930956e-06
26     beta1_ct     -5.2853171   -50 -1.64103765    50  -4.237277e-06
27     beta1_ct     -5.2853171   -50 -0.81566137    50  -4.451890e-05
28     beta1_ct     -5.2853171   -50 -0.99675832    50  -4.744338e-06
29    lambda1_k      0.0000000   -50  1.12890601    50   3.071806e-05
30    lambda1_k      0.0000000   -50 -1.45651634    50   1.760480e-04
31    lambda1_k      0.0000000   -50  0.37142536    50  -3.697055e-05
32    lambda1_k      0.0000000   -50 -1.39330301    50  -4.101119e-05
33    lambda1_k      0.0000000   -50 -0.88088554    50  -9.926467e-05
34    lambda1_k      0.0000000   -50 -0.06881936    50  -8.016715e-05
35   L_omega1_z     -1.7623556   -50 -3.05920785    50   5.203817e-04
36 L_epsilon1_z      0.5031736   -50  0.44577832    50   3.256903e-05
37    logkappa1     -0.1053605   -50 -4.01531780    50   2.672872e-04
38     beta2_ct      4.7112467   -50  2.30706001    50  -1.865237e-04
39     beta2_ct      4.7112467   -50  1.75384475    50  -4.448828e-05
40     beta2_ct      4.7112467   -50  2.51083587    50  -1.450109e-05
41     beta2_ct      4.7112467   -50  2.01025013    50  -1.744141e-04
42     beta2_ct      4.7112467   -50  1.66202326    50  -4.428805e-05
43     beta2_ct      4.7112467   -50  1.83985694    50  -4.533907e-05
44     beta2_ct      4.7112467   -50  2.00488695    50  -3.856023e-06
45     beta2_ct      4.7112467   -50  2.00853798    50   1.026207e-04
46     beta2_ct      4.7112467   -50  1.81930959    50  -3.311117e-05
47     beta2_ct      4.7112467   -50  1.75715576    50  -3.903300e-05
48     beta2_ct      4.7112467   -50  1.66770727    50   1.096646e-04
49     beta2_ct      4.7112467   -50  1.81478458    50  -3.576925e-05
50     beta2_ct      4.7112467   -50  1.85471397    50  -7.566410e-05
51     beta2_ct      4.7112467   -50  2.00668448    50   2.230284e-05
52     beta2_ct      4.7112467   -50  1.77456302    50   6.974479e-05
53     beta2_ct      4.7112467   -50  1.53390475    50  -4.512509e-05
54     beta2_ct      4.7112467   -50  1.75960604    50   1.734332e-05
55     beta2_ct      4.7112467   -50  2.02543522    50  -6.070087e-05
56     beta2_ct      4.7112467   -50  2.01606500    50   2.283964e-07
57     beta2_ct      4.7112467   -50  2.07573401    50  -1.286720e-04
58     beta2_ct      4.7112467   -50  2.27537962    50   5.035022e-05
59     beta2_ct      4.7112467   -50  2.42685096    50  -1.312350e-04
60     beta2_ct      4.7112467   -50  2.49098646    50   2.598189e-05
61     beta2_ct      4.7112467   -50  2.50176682    50  -4.374574e-05
62     beta2_ct      4.7112467   -50  2.76907071    50  -1.181002e-04
63     beta2_ct      4.7112467   -50  2.67231632    50  -8.337300e-05
64    lambda2_k      0.0000000   -50  1.22955225    50  -1.771737e-05
65    lambda2_k      0.0000000   -50  1.75377208    50  -9.446876e-05
66    lambda2_k      0.0000000   -50  0.99823824    50  -1.157487e-05
67    lambda2_k      0.0000000   -50 -0.70911810    50  -4.350542e-06
68    lambda2_k      0.0000000   -50  0.16617228    50  -2.769190e-05
69    lambda2_k      0.0000000   -50 -0.49898533    50   1.186642e-05
70   L_omega2_z     -1.8495455   -50 -1.03721574    50   2.163922e-05
71 L_epsilon2_z      1.3717364   -50  0.40867256    50   4.970038e-04
72    logkappa2     -0.1053605   -50 -3.19096900    50   1.047115e-04
73    logSigmaM      1.6094379   -50 -0.29832999    10   1.861599e-03

$SD
$SD$value
  Range_raw1   Range_raw2    Index_cyl    Index_cyl    Index_cyl    Index_cyl    Index_cyl    Index_cyl    Index_cyl    Index_cyl    Index_cyl    Index_cyl    Index_cyl    Index_cyl    Index_cyl    Index_cyl 
 156.8105786   68.7646477 2658.3577587 1403.1855008 2569.4563888 1581.7611145 1053.2575121 1158.9747604 1480.7826698 1717.7521578 1367.0188420 1312.0010993 1241.5135847 1437.1617571 1216.1654982 1354.7270931 
   Index_cyl    Index_cyl    Index_cyl    Index_cyl    Index_cyl    Index_cyl    Index_cyl    Index_cyl    Index_cyl    Index_cyl    Index_cyl    Index_cyl ln_Index_cyl ln_Index_cyl ln_Index_cyl ln_Index_cyl 
1017.8634397  871.5302095 1297.5810777 1515.4676303 1604.3918754 1858.9447031 2540.4718334 3248.4060398 3309.2038505 3656.4100630 5099.7705957 4279.5998151    7.8854638    7.2465003    7.8514496    7.3662941 
ln_Index_cyl ln_Index_cyl ln_Index_cyl ln_Index_cyl ln_Index_cyl ln_Index_cyl ln_Index_cyl ln_Index_cyl ln_Index_cyl ln_Index_cyl ln_Index_cyl ln_Index_cyl ln_Index_cyl ln_Index_cyl ln_Index_cyl ln_Index_cyl 
   6.9596430    7.0552911    7.3003261    7.4487718    7.2203876    7.1793088    7.1240865    7.2704254    7.1034582    7.2113553    6.9254610    6.7702505    7.1682571    7.3234793    7.3805001    7.5277642 
ln_Index_cyl ln_Index_cyl ln_Index_cyl ln_Index_cyl ln_Index_cyl ln_Index_cyl       SigmaM       SigmaM       SigmaM 
   7.8401051    8.0859197    8.1044629    8.2042371    8.5369508    8.3616148    0.7420564    2.0000000    5.0000000 

$SD$sd
 [1]  25.45928185   6.07530344 448.84452068 211.06586497 402.41195064 222.04086080 157.26255016 182.78526370 225.80184304 243.31161816 198.05711244 195.14706306 200.83032550 210.79804389 187.01383682 178.47297994
[17] 147.17820147 128.00938621 159.10008018 192.26672326 187.85664863 218.77149290 281.23151973 349.18714131 383.21445056 422.50273205 669.64693592 522.83226818   0.16884278   0.15041907   0.15661365   0.14037572
[33]   0.14931064   0.15771289   0.15248817   0.14164536   0.14488250   0.14874001   0.16176249   0.14667663   0.15377335   0.13174091   0.14459523   0.14687889   0.12261282   0.12686957   0.11708901   0.11768585
[49]   0.11070051   0.10749492   0.11580261   0.11555124   0.13130923   0.12216849   0.01018334   0.00000000   0.00000000

$SD$cov
               [,1]          [,2]         [,3]         [,4]         [,5]         [,6]         [,7]         [,8]          [,9]         [,10]         [,11]        [,12]        [,13]         [,14]        [,15]
 [1,] 648.175032194  -0.113688377 2.428829e+02 1.425992e+02 3.409360e+02 9.078412e+01 1.501822e+02 1.630313e+02  2.442313e+02  1.678559e+02  2.277551e+02 1.508209e+02 1.976183e+02  1.455288e+02 2.142085e+02
 [2,]  -0.113688377  36.909311908 3.025972e+02 1.518781e+02 1.506075e+02 1.903038e+02 1.282118e+02 1.354697e+02  1.927296e+02  1.924661e+02  1.300938e+02 1.221252e+02 7.770464e+01  1.242776e+02 7.935015e+01
 [3,] 242.882924694 302.597186585 2.014614e+05 3.920277e+04 5.948462e+04 4.184572e+04 2.863137e+04 3.068421e+04  3.894355e+04  4.488834e+04  3.479370e+04 3.352336e+04 3.418648e+04  3.612454e+04 3.140212e+04
 [4,] 142.599208414 151.878145143 3.920277e+04 4.454880e+04 3.458266e+04 2.297237e+04 1.567934e+04 1.706088e+04  2.163797e+04  2.482492e+04  1.910463e+04 1.843751e+04 1.890914e+04  1.983201e+04 1.729751e+04
 [5,] 340.935970159 150.607519668 5.948462e+04 3.458266e+04 1.619354e+05 3.599170e+04 2.416938e+04 2.725125e+04  3.477969e+04  3.711705e+04  2.927797e+04 2.797581e+04 2.791616e+04  2.962904e+04 2.724366e+04
 [6,]  90.784124814 190.303787773 4.184572e+04 2.297237e+04 3.599170e+04 4.930214e+04 1.838195e+04 1.950893e+04  2.486796e+04  2.809103e+04  2.183336e+04 2.051773e+04 2.063837e+04  2.226838e+04 1.966015e+04
 [7,] 150.182219094 128.211816826 2.863137e+04 1.567934e+04 2.416938e+04 1.838195e+04 2.473151e+04 1.354350e+04  1.728606e+04  1.949888e+04  1.518867e+04 1.428869e+04 1.458786e+04  1.556729e+04 1.383253e+04
 [8,] 163.031327194 135.469720650 3.068421e+04 1.706088e+04 2.725125e+04 1.950893e+04 1.354350e+04 3.341045e+04  1.867442e+04  2.082361e+04  1.632179e+04 1.533053e+04 1.550578e+04  1.653014e+04 1.469753e+04
 [9,] 244.231319353 192.729563151 3.894355e+04 2.163797e+04 3.477969e+04 2.486796e+04 1.728606e+04 1.867442e+04  5.098647e+04  2.667300e+04  2.080382e+04 1.958782e+04 1.966609e+04  2.111279e+04 1.873660e+04
[10,] 167.855876968 192.466114573 4.488834e+04 2.482492e+04 3.711705e+04 2.809103e+04 1.949888e+04 2.082361e+04  2.667300e+04  5.920054e+04  2.373848e+04 2.252036e+04 2.278239e+04  2.444511e+04 2.113693e+04
[11,] 227.755065588 130.093841427 3.479370e+04 1.910463e+04 2.927797e+04 2.183336e+04 1.518867e+04 1.632179e+04  2.080382e+04  2.373848e+04  3.922662e+04 1.769052e+04 1.788905e+04  1.916573e+04 1.666882e+04
[12,] 150.820947069 122.125196114 3.352336e+04 1.843751e+04 2.797581e+04 2.051773e+04 1.428869e+04 1.533053e+04  1.958782e+04  2.252036e+04  1.769052e+04 3.808238e+04 1.712717e+04  1.836492e+04 1.584444e+04
[13,] 197.618291220  77.704637787 3.418648e+04 1.890914e+04 2.791616e+04 2.063837e+04 1.458786e+04 1.550578e+04  1.966609e+04  2.278239e+04  1.788905e+04 1.712717e+04 4.033282e+04  1.880564e+04 1.634840e+04
[14,] 145.528832635 124.277636473 3.612454e+04 1.983201e+04 2.962904e+04 2.226838e+04 1.556729e+04 1.653014e+04  2.111279e+04  2.444511e+04  1.916573e+04 1.836492e+04 1.880564e+04  4.443582e+04 1.737253e+04
[15,] 214.208496798  79.350150876 3.140212e+04 1.729751e+04 2.724366e+04 1.966015e+04 1.383253e+04 1.469753e+04  1.873660e+04  2.113693e+04  1.666882e+04 1.584444e+04 1.634840e+04  1.737253e+04 3.497418e+04
[16,] 181.645653123 119.639832428 3.346307e+04 1.846466e+04 2.803901e+04 2.079693e+04 1.472150e+04 1.563364e+04  1.998809e+04  2.266261e+04  1.780701e+04 1.689365e+04 1.756938e+04  1.854683e+04 1.653581e+04
[17,] 166.891268532  92.163252239 2.497532e+04 1.380339e+04 2.032298e+04 1.561215e+04 1.123190e+04 1.176412e+04  1.512306e+04  1.715673e+04  1.353622e+04 1.283374e+04 1.358540e+04  1.414652e+04 1.262608e+04
[18,] 190.789874166  73.222178351 2.121777e+04 1.156554e+04 1.707386e+04 1.320845e+04 9.353424e+03 9.847990e+03  1.254157e+04  1.429686e+04  1.136269e+04 1.073664e+04 1.116220e+04  1.175180e+04 1.042347e+04
[19,] 181.056673182 124.151837732 2.846411e+04 1.539998e+04 2.198519e+04 1.766175e+04 1.232166e+04 1.298580e+04  1.655539e+04  1.927717e+04  1.504759e+04 1.434257e+04 1.467745e+04  1.570198e+04 1.348305e+04
[20,] 152.212318470 133.839835323 3.374581e+04 1.845108e+04 2.644415e+04 2.083845e+04 1.466755e+04 1.540275e+04  1.967290e+04  2.276623e+04  1.776515e+04 1.697396e+04 1.767556e+04  1.871832e+04 1.636717e+04
[21,]  87.250033706 109.935235954 3.242234e+04 1.764695e+04 2.529928e+04 2.015856e+04 1.413028e+04 1.491715e+04  1.899006e+04  2.197335e+04  1.712580e+04 1.641491e+04 1.684104e+04  1.809452e+04 1.561311e+04
[22,]  33.636174592 152.912868857 3.936705e+04 2.145031e+04 3.009169e+04 2.424758e+04 1.693342e+04 1.774568e+04  2.254342e+04  2.650909e+04  2.045196e+04 1.974073e+04 2.035416e+04  2.178766e+04 1.873955e+04
[23,] 155.612766417 232.254461294 5.308172e+04 2.885345e+04 3.892626e+04 3.235794e+04 2.241771e+04 2.368950e+04  3.020857e+04  3.587950e+04  2.772246e+04 2.651394e+04 2.719469e+04  2.912003e+04 2.448656e+04
[24,]  62.550028838 328.350780540 6.574705e+04 3.564310e+04 4.783019e+04 3.994498e+04 2.753129e+04 2.910454e+04  3.696964e+04  4.423065e+04  3.403574e+04 3.275514e+04 3.335780e+04  3.603051e+04 3.016519e+04
[25,] 208.250925355 323.372644421 7.104163e+04 3.839624e+04 5.206004e+04 4.332333e+04 3.009628e+04 3.165384e+04  4.043100e+04  4.813691e+04  3.705455e+04 3.554902e+04 3.628246e+04  3.921958e+04 3.287164e+04
[26,] 331.437377513 442.832586873 8.062842e+04 4.389814e+04 5.796482e+04 4.936495e+04 3.404056e+04 3.594336e+04  4.599666e+04  5.478039e+04  4.220037e+04 4.035495e+04 4.110070e+04  4.440979e+04 3.701510e+04
[27,] 238.634753712 770.237475800 1.087038e+05 5.920651e+04 7.357017e+04 6.574507e+04 4.559392e+04 4.772103e+04  6.094487e+04  7.424787e+04  5.644597e+04 5.425175e+04 5.516479e+04  5.989973e+04 4.876549e+04
[28,] 183.055115269 422.746888211 8.728236e+04 4.757421e+04 6.283105e+04 5.371167e+04 3.694324e+04 3.893391e+04  4.952708e+04  5.930703e+04  4.555831e+04 4.385252e+04 4.423835e+04  4.810125e+04 4.013644e+04
[29,]   0.091365778   0.113828617 7.578416e+01 1.474699e+01 2.237646e+01 1.574119e+01 1.077032e+01 1.154254e+01  1.464948e+01  1.688574e+01  1.308842e+01 1.261055e+01 1.286000e+01  1.358904e+01 1.181260e+01
[30,]   0.101625343   0.108238109 2.793841e+01 3.174833e+01 2.464582e+01 1.637158e+01 1.117410e+01 1.215868e+01  1.542061e+01  1.769183e+01  1.361519e+01 1.313975e+01 1.347586e+01  1.413356e+01 1.232731e+01
[31,]   0.132687977   0.058614546 2.315067e+01 1.345913e+01 6.302321e+01 1.400752e+01 9.406417e+00 1.060584e+01  1.353582e+01  1.444549e+01  1.139462e+01 1.088783e+01 1.086462e+01  1.153125e+01 1.060289e+01
[32,]   0.057394333   0.120311333 2.645514e+01 1.452329e+01 2.275420e+01 3.116915e+01 1.162119e+01 1.233368e+01  1.572169e+01  1.775934e+01  1.380320e+01 1.297145e+01 1.304771e+01  1.407822e+01 1.242928e+01
[33,]   0.142588320   0.121728842 2.718364e+01 1.488652e+01 2.294726e+01 1.745247e+01 2.348097e+01 1.285868e+01  1.641200e+01  1.851293e+01  1.442067e+01 1.356619e+01 1.385023e+01  1.478014e+01 1.313309e+01
[34,]   0.140668574   0.116887550 2.647531e+01 1.472067e+01 2.351324e+01 1.683292e+01 1.168576e+01 2.882759e+01  1.611288e+01  1.796726e+01  1.408296e+01 1.322766e+01 1.337888e+01  1.426272e+01 1.268149e+01
[35,]   0.164933940   0.130153848 2.629930e+01 1.461252e+01 2.348737e+01 1.679379e+01 1.167360e+01 1.261118e+01  3.443211e+01  1.801277e+01  1.404921e+01 1.322802e+01 1.328087e+01  1.425786e+01 1.265317e+01
[36,]   0.097718333   0.112045334 2.613202e+01 1.445198e+01 2.160792e+01 1.635337e+01 1.135139e+01 1.212259e+01  1.552785e+01  3.446396e+01  1.381950e+01 1.311036e+01 1.326291e+01  1.423087e+01 1.230499e+01
[37,]   0.166607115   0.095166092 2.545224e+01 1.397540e+01 2.141738e+01 1.597151e+01 1.111080e+01 1.193970e+01  1.521839e+01  1.736515e+01  2.869501e+01 1.294095e+01 1.308618e+01  1.402009e+01 1.219356e+01
[38,]   0.114954894   0.093083151 2.555132e+01 1.405297e+01 2.132301e+01 1.563850e+01 1.089076e+01 1.168484e+01  1.492973e+01  1.716489e+01  1.348362e+01 2.902618e+01 1.305424e+01  1.399764e+01 1.207655e+01
[39,]   0.159175295   0.062588633 2.753613e+01 1.523071e+01 2.248558e+01 1.662355e+01 1.175006e+01 1.248942e+01  1.584041e+01  1.835050e+01  1.440907e+01 1.379540e+01 3.248681e+01  1.514735e+01 1.316812e+01
[40,]   0.101261276   0.086474355 2.513603e+01 1.379943e+01 2.061636e+01 1.549469e+01 1.083197e+01 1.150193e+01  1.469062e+01  1.700930e+01  1.333582e+01 1.277860e+01 1.308526e+01  3.091915e+01 1.208808e+01
[41,]   0.176134331   0.065246178 2.582059e+01 1.422299e+01 2.240128e+01 1.616569e+01 1.137389e+01 1.208514e+01  1.540629e+01  1.737998e+01  1.370605e+01 1.302820e+01 1.344257e+01  1.428468e+01 2.875774e+01
[42,]   0.134082838   0.088312866 2.470097e+01 1.362980e+01 2.069717e+01 1.535138e+01 1.086676e+01 1.154006e+01  1.475433e+01  1.672854e+01  1.314435e+01 1.247015e+01 1.296894e+01  1.369046e+01 1.220601e+01
[43,]   0.163962337   0.090545793 2.453701e+01 1.356115e+01 1.996631e+01 1.533816e+01 1.103478e+01 1.155766e+01  1.485765e+01  1.685563e+01  1.329866e+01 1.260851e+01 1.334697e+01  1.389825e+01 1.240450e+01
[44,]   0.218913667   0.084015651 2.434542e+01 1.327039e+01 1.959067e+01 1.515547e+01 1.073219e+01 1.129965e+01  1.439029e+01  1.640432e+01  1.303763e+01 1.231929e+01 1.280759e+01  1.348410e+01 1.195996e+01
[45,]   0.139533996   0.095679445 2.193629e+01 1.186822e+01 1.694321e+01 1.361129e+01 9.495866e+00 1.000770e+01  1.275866e+01  1.485624e+01  1.159665e+01 1.105331e+01 1.131139e+01  1.210097e+01 1.039091e+01
[46,]   0.100439175   0.088315865 2.226759e+01 1.217517e+01 1.744950e+01 1.375051e+01 9.678562e+00 1.016369e+01  1.298140e+01  1.502258e+01  1.172255e+01 1.120047e+01 1.166344e+01  1.235151e+01 1.080008e+01
[47,]   0.054381997   0.068521436 2.020849e+01 1.099915e+01 1.576877e+01 1.256461e+01 8.807248e+00 9.297695e+00  1.183630e+01  1.369575e+01  1.067433e+01 1.023124e+01 1.049684e+01  1.127812e+01 9.731479e+00
[48,]   0.018094231   0.082257890 2.117710e+01 1.153897e+01 1.618751e+01 1.304373e+01 9.109157e+00 9.546104e+00  1.212700e+01  1.426029e+01  1.100192e+01 1.061932e+01 1.094931e+01  1.172044e+01 1.008074e+01
[49,]   0.061253490   0.091421782 2.089443e+01 1.135752e+01 1.532245e+01 1.273698e+01 8.824230e+00 9.324843e+00  1.189093e+01  1.412316e+01  1.091233e+01 1.043662e+01 1.070458e+01  1.146245e+01 9.638588e+00
[50,]   0.019255607   0.101080584 2.023979e+01 1.097249e+01 1.472420e+01 1.229679e+01 8.475322e+00 8.959636e+00  1.138086e+01  1.361611e+01  1.047767e+01 1.008345e+01 1.026898e+01  1.109175e+01 9.286153e+00
[51,]   0.062930824   0.097719167 2.146789e+01 1.160286e+01 1.573189e+01 1.309177e+01 9.094720e+00 9.565395e+00  1.221774e+01  1.454637e+01  1.119742e+01 1.074247e+01 1.096411e+01  1.185167e+01 9.933398e+00
[52,]   0.090645571   0.121111303 2.205125e+01 1.200580e+01 1.585293e+01 1.350093e+01 9.309832e+00 9.830231e+00  1.257973e+01  1.498202e+01  1.154148e+01 1.103677e+01 1.124073e+01  1.214574e+01 1.012335e+01
[53,]   0.046793233   0.151033750 2.131542e+01 1.160964e+01 1.442617e+01 1.289177e+01 8.940387e+00 9.357486e+00  1.195051e+01  1.455906e+01  1.106834e+01 1.063808e+01 1.081711e+01  1.174557e+01 9.562292e+00
[54,]   0.042773886   0.098781874 2.039498e+01 1.111651e+01 1.468152e+01 1.255063e+01 8.632406e+00 9.097559e+00  1.157283e+01  1.385808e+01  1.064546e+01 1.024687e+01 1.033703e+01  1.123966e+01 9.378551e+00
[55,]  -0.001367122   0.008459736 1.849553e-01 1.234438e-01 1.553907e-01 2.684729e-02 1.187557e-02 4.869704e-03 -3.893963e-02 -2.722363e-02 -1.853854e-02 5.447170e-03 3.812181e-02 -5.254074e-03 1.026740e-02
[56,]   0.000000000   0.000000000 0.000000e+00 0.000000e+00 0.000000e+00 0.000000e+00 0.000000e+00 0.000000e+00  0.000000e+00  0.000000e+00  0.000000e+00 0.000000e+00 0.000000e+00  0.000000e+00 0.000000e+00
[57,]   0.000000000   0.000000000 0.000000e+00 0.000000e+00 0.000000e+00 0.000000e+00 0.000000e+00 0.000000e+00  0.000000e+00  0.000000e+00  0.000000e+00 0.000000e+00 0.000000e+00  0.000000e+00 0.000000e+00
             [,16]        [,17]        [,18]        [,19]        [,20]         [,21]        [,22]         [,23]        [,24]         [,25]         [,26]         [,27]         [,28]        [,29]        [,30]
 [1,] 1.816457e+02 1.668913e+02 1.907899e+02 1.810567e+02 1.522123e+02  8.725003e+01 3.363617e+01  1.556128e+02 6.255003e+01  2.082509e+02  3.314374e+02  2.386348e+02  1.830551e+02 9.136578e-02  0.101625343
 [2,] 1.196398e+02 9.216325e+01 7.322218e+01 1.241518e+02 1.338398e+02  1.099352e+02 1.529129e+02  2.322545e+02 3.283508e+02  3.233726e+02  4.428326e+02  7.702375e+02  4.227469e+02 1.138286e-01  0.108238109
 [3,] 3.346307e+04 2.497532e+04 2.121777e+04 2.846411e+04 3.374581e+04  3.242234e+04 3.936705e+04  5.308172e+04 6.574705e+04  7.104163e+04  8.062842e+04  1.087038e+05  8.728236e+04 7.578416e+01 27.938411959
 [4,] 1.846466e+04 1.380339e+04 1.156554e+04 1.539998e+04 1.845108e+04  1.764695e+04 2.145031e+04  2.885345e+04 3.564310e+04  3.839624e+04  4.389814e+04  5.920651e+04  4.757421e+04 1.474699e+01 31.748332155
 [5,] 2.803901e+04 2.032298e+04 1.707386e+04 2.198519e+04 2.644415e+04  2.529928e+04 3.009169e+04  3.892626e+04 4.783019e+04  5.206004e+04  5.796482e+04  7.357017e+04  6.283105e+04 2.237646e+01 24.645819024
 [6,] 2.079693e+04 1.561215e+04 1.320845e+04 1.766175e+04 2.083845e+04  2.015856e+04 2.424758e+04  3.235794e+04 3.994498e+04  4.332333e+04  4.936495e+04  6.574507e+04  5.371167e+04 1.574119e+01 16.371583171
 [7,] 1.472150e+04 1.123190e+04 9.353424e+03 1.232166e+04 1.466755e+04  1.413028e+04 1.693342e+04  2.241771e+04 2.753129e+04  3.009628e+04  3.404056e+04  4.559392e+04  3.694324e+04 1.077032e+01 11.174104232
 [8,] 1.563364e+04 1.176412e+04 9.847990e+03 1.298580e+04 1.540275e+04  1.491715e+04 1.774568e+04  2.368950e+04 2.910454e+04  3.165384e+04  3.594336e+04  4.772103e+04  3.893391e+04 1.154254e+01 12.158680025
 [9,] 1.998809e+04 1.512306e+04 1.254157e+04 1.655539e+04 1.967290e+04  1.899006e+04 2.254342e+04  3.020857e+04 3.696964e+04  4.043100e+04  4.599666e+04  6.094487e+04  4.952708e+04 1.464948e+01 15.420606610
[10,] 2.266261e+04 1.715673e+04 1.429686e+04 1.927717e+04 2.276623e+04  2.197335e+04 2.650909e+04  3.587950e+04 4.423065e+04  4.813691e+04  5.478039e+04  7.424787e+04  5.930703e+04 1.688574e+01 17.691833259
[11,] 1.780701e+04 1.353622e+04 1.136269e+04 1.504759e+04 1.776515e+04  1.712580e+04 2.045196e+04  2.772246e+04 3.403574e+04  3.705455e+04  4.220037e+04  5.644597e+04  4.555831e+04 1.308842e+01 13.615187101
[12,] 1.689365e+04 1.283374e+04 1.073664e+04 1.434257e+04 1.697396e+04  1.641491e+04 1.974073e+04  2.651394e+04 3.275514e+04  3.554902e+04  4.035495e+04  5.425175e+04  4.385252e+04 1.261055e+01 13.139751438
[13,] 1.756938e+04 1.358540e+04 1.116220e+04 1.467745e+04 1.767556e+04  1.684104e+04 2.035416e+04  2.719469e+04 3.335780e+04  3.628246e+04  4.110070e+04  5.516479e+04  4.423835e+04 1.286000e+01 13.475864003
[14,] 1.854683e+04 1.414652e+04 1.175180e+04 1.570198e+04 1.871832e+04  1.809452e+04 2.178766e+04  2.912003e+04 3.603051e+04  3.921958e+04  4.440979e+04  5.989973e+04  4.810125e+04 1.358904e+01 14.133562102
[15,] 1.653581e+04 1.262608e+04 1.042347e+04 1.348305e+04 1.636717e+04  1.561311e+04 1.873955e+04  2.448656e+04 3.016519e+04  3.287164e+04  3.701510e+04  4.876549e+04  4.013644e+04 1.181260e+01 12.327313800
[16,] 3.185260e+04 1.389261e+04 1.128926e+04 1.468270e+04 1.776997e+04  1.694574e+04 2.035001e+04  2.689413e+04 3.300156e+04  3.596019e+04  4.064113e+04  5.395857e+04  4.379804e+04 1.258787e+01 13.159101554
[17,] 1.389261e+04 2.166142e+04 8.864610e+03 1.131628e+04 1.388964e+04  1.308896e+04 1.584939e+04  2.073636e+04 2.537341e+04  2.738409e+04  3.110111e+04  4.146899e+04  3.334601e+04 9.395020e+00  9.837184251
[18,] 1.128926e+04 8.864610e+03 1.638640e+04 9.508655e+03 1.145955e+04  1.089476e+04 1.306074e+04  1.736733e+04 2.125038e+04  2.289247e+04  2.610508e+04  3.467734e+04  2.817711e+04 7.981532e+00  8.242347960
[19,] 1.468270e+04 1.131628e+04 9.508655e+03 2.531284e+04 1.562652e+04  1.497321e+04 1.801575e+04  2.458088e+04 3.030623e+04  3.265608e+04  3.771820e+04  5.230721e+04  4.185185e+04 1.070740e+01 10.975013629
[20,] 1.776997e+04 1.388964e+04 1.145955e+04 1.562652e+04 3.696649e+04  1.803521e+04 2.177326e+04  2.906560e+04 3.577475e+04  3.827866e+04  4.403536e+04  6.100587e+04  4.915991e+04 1.269423e+01 13.149423744
[21,] 1.694574e+04 1.308896e+04 1.089476e+04 1.497321e+04 1.803521e+04  3.529012e+04 2.087578e+04  2.804218e+04 3.463037e+04  3.713136e+04  4.236179e+04  5.837905e+04  4.750405e+04 1.219638e+01 12.576347596
[22,] 2.035001e+04 1.584939e+04 1.306074e+04 1.801575e+04 2.177326e+04  2.087578e+04 4.786097e+04  3.392765e+04 4.215806e+04  4.488899e+04  5.135202e+04  7.155599e+04  5.729537e+04 1.480879e+01 15.286867885
[23,] 2.689413e+04 2.073636e+04 1.736733e+04 2.458088e+04 2.906560e+04  2.804218e+04 3.392765e+04  7.909117e+04 5.792982e+04  6.176159e+04  7.144765e+04  1.001789e+05  7.948847e+04 1.996786e+01 20.562818324
[24,] 3.300156e+04 2.537341e+04 2.125038e+04 3.030623e+04 3.577475e+04  3.463037e+04 4.215806e+04  5.792982e+04 1.219317e+05  7.680134e+04  8.869856e+04  1.260350e+05  9.989913e+04 2.473220e+01 25.401555951
[25,] 3.596019e+04 2.738409e+04 2.289247e+04 3.265608e+04 3.827866e+04  3.713136e+04 4.488899e+04  6.176159e+04 7.680134e+04  1.468533e+05  9.539701e+04  1.338156e+05  1.056976e+05 2.672388e+01 27.363622061
[26,] 4.064113e+04 3.110111e+04 2.610508e+04 3.771820e+04 4.403536e+04  4.236179e+04 5.135202e+04  7.144765e+04 8.869856e+04  9.539701e+04  1.785086e+05  1.568999e+05  1.242006e+05 3.033016e+01 31.284627933
[27,] 5.395857e+04 4.146899e+04 3.467734e+04 5.230721e+04 6.100587e+04  5.837905e+04 7.155599e+04  1.001789e+05 1.260350e+05  1.338156e+05  1.568999e+05  4.484270e+05  1.832887e+05 4.089132e+01 42.194360217
[28,] 4.379804e+04 3.334601e+04 2.817711e+04 4.185185e+04 4.915991e+04  4.750405e+04 5.729537e+04  7.948847e+04 9.989913e+04  1.056976e+05  1.242006e+05  1.832887e+05  2.733536e+05 3.283319e+01 33.904431446
[29,] 1.258787e+01 9.395020e+00 7.981532e+00 1.070740e+01 1.269423e+01  1.219638e+01 1.480879e+01  1.996786e+01 2.473220e+01  2.672388e+01  3.033016e+01  4.089132e+01  3.283319e+01 2.850789e-02  0.010509651
[30,] 1.315910e+01 9.837184e+00 8.242348e+00 1.097501e+01 1.314942e+01  1.257635e+01 1.528687e+01  2.056282e+01 2.540156e+01  2.736362e+01  3.128463e+01  4.219436e+01  3.390443e+01 1.050965e-02  0.022625898
[31,] 1.091243e+01 7.909448e+00 6.644931e+00 8.556358e+00 1.029173e+01  9.846161e+00 1.171131e+01  1.514961e+01 1.861491e+01  2.026111e+01  2.255918e+01  2.863258e+01  2.445305e+01 8.708634e-03  0.009591842
[32,] 1.314796e+01 9.870107e+00 8.350469e+00 1.116588e+01 1.317421e+01  1.274438e+01 1.532948e+01  2.045691e+01 2.525348e+01  2.738930e+01  3.120885e+01  4.156447e+01  3.395688e+01 9.951686e-03  0.010350225
[33,] 1.397711e+01 1.066397e+01 8.880472e+00 1.169862e+01 1.392589e+01  1.341579e+01 1.607719e+01  2.128417e+01 2.613918e+01  2.857448e+01  3.231932e+01  4.328849e+01  3.507522e+01 1.022573e-02  0.010609090
[34,] 1.348919e+01 1.015045e+01 8.497156e+00 1.120456e+01 1.328998e+01  1.287098e+01 1.531153e+01  2.044005e+01 2.511231e+01  2.731193e+01  3.101306e+01  4.117521e+01  3.359341e+01 9.959272e-03  0.010490893
[35,] 1.349833e+01 1.021288e+01 8.469555e+00 1.118016e+01 1.328547e+01  1.282434e+01 1.522399e+01  2.040041e+01 2.496628e+01  2.730380e+01  3.106240e+01  4.115720e+01  3.344656e+01 9.893062e-03  0.010413822
[36,] 1.319318e+01 9.987897e+00 8.323004e+00 1.122233e+01 1.325350e+01  1.279192e+01 1.543243e+01  2.088747e+01 2.574915e+01  2.802320e+01  3.189074e+01  4.322386e+01  3.452595e+01 9.830137e-03  0.010299410
[37,] 1.302616e+01 9.901997e+00 8.312020e+00 1.100760e+01 1.299554e+01  1.252785e+01 1.496100e+01  2.027950e+01 2.489778e+01  2.710610e+01  3.087037e+01  4.129129e+01  3.332676e+01 9.574424e-03  0.009959766
[38,] 1.287624e+01 9.781808e+00 8.183405e+00 1.093183e+01 1.293746e+01  1.251136e+01 1.504628e+01  2.020878e+01 2.496579e+01  2.709527e+01  3.075832e+01  4.135038e+01  3.342415e+01 9.611695e-03  0.010015046
[39,] 1.415158e+01 1.094261e+01 8.990801e+00 1.182222e+01 1.423711e+01  1.356493e+01 1.639464e+01  2.190447e+01 2.686866e+01  2.922438e+01  3.310532e+01  4.443350e+01  3.563259e+01 1.035832e-02  0.010854383
[40,] 1.290518e+01 9.843370e+00 8.177090e+00 1.092569e+01 1.302450e+01  1.259046e+01 1.516020e+01  2.026218e+01 2.507061e+01  2.728961e+01  3.090104e+01  4.167918e+01  3.346961e+01 9.455472e-03  0.009834357
[41,] 1.359668e+01 1.038188e+01 8.570762e+00 1.108653e+01 1.345801e+01  1.283798e+01 1.540871e+01  2.013424e+01 2.480353e+01  2.702892e+01  3.043591e+01  4.009774e+01  3.300245e+01 9.712987e-03  0.010136214
[42,] 2.351219e+01 1.025492e+01 8.333236e+00 1.083812e+01 1.311701e+01  1.250860e+01 1.502149e+01  1.985207e+01 2.436030e+01  2.654423e+01  2.999949e+01  3.982984e+01  3.232979e+01 9.291814e-03  0.009713470
[43,] 1.364880e+01 2.128127e+01 8.709036e+00 1.111768e+01 1.364588e+01  1.285925e+01 1.557123e+01  2.037244e+01 2.492811e+01  2.690350e+01  3.055529e+01  4.074121e+01  3.276079e+01 9.230138e-03  0.009664542
[44,] 1.295338e+01 1.017132e+01 1.880188e+01 1.091030e+01 1.314877e+01  1.250073e+01 1.498599e+01  1.992740e+01 2.438284e+01  2.626699e+01  2.995316e+01  3.978903e+01  3.233062e+01 9.158067e-03  0.009457329
[45,] 1.131544e+01 8.721061e+00 7.327985e+00 1.950771e+01 1.204281e+01  1.153932e+01 1.388410e+01  1.894362e+01 2.335594e+01  2.516689e+01  2.906809e+01  4.031132e+01  3.225374e+01 8.251819e-03  0.008458056
[46,] 1.172573e+01 9.165249e+00 7.561726e+00 1.031135e+01 2.439280e+01  1.190076e+01 1.436736e+01  1.917929e+01 2.360641e+01  2.525865e+01  2.905727e+01  4.025548e+01  3.243877e+01 8.376444e-03  0.008676809
[47,] 1.056210e+01 8.158206e+00 6.790586e+00 9.332636e+00 1.124115e+01  2.199595e+01 1.301165e+01  1.747839e+01 2.158473e+01  2.314357e+01  2.640365e+01  3.638702e+01  2.960876e+01 7.601871e-03  0.007838701
[48,] 1.094708e+01 8.526013e+00 7.025892e+00 9.691385e+00 1.171270e+01  1.122991e+01 2.574631e+01  1.825103e+01 2.267849e+01  2.414757e+01  2.762428e+01  3.849280e+01  3.082145e+01 7.966233e-03  0.008223412
[49,] 1.058628e+01 8.162407e+00 6.836262e+00 9.675714e+00 1.144102e+01  1.103818e+01 1.335486e+01  3.113247e+01 2.280278e+01  2.431107e+01  2.812377e+01  3.943319e+01  3.128886e+01 7.859903e-03  0.008094094
[50,] 1.015931e+01 7.811035e+00 6.541788e+00 9.329568e+00 1.101302e+01  1.066073e+01 1.297807e+01  1.783331e+01 3.753584e+01  2.364278e+01  2.730526e+01  3.879902e+01  3.075328e+01 7.613643e-03  0.007819699
[51,] 1.086672e+01 8.275129e+00 6.917819e+00 9.868258e+00 1.156733e+01  1.122063e+01 1.356489e+01  1.866358e+01 2.320841e+01  4.437723e+01  2.882778e+01  4.043740e+01  3.194049e+01 8.075621e-03  0.008268944
[52,] 1.111504e+01 8.505914e+00 7.139539e+00 1.031564e+01 1.204333e+01  1.158562e+01 1.404438e+01  1.954038e+01 2.425837e+01  2.609035e+01  4.882072e+01  4.291092e+01  3.396791e+01 8.295065e-03  0.008556105
[53,] 1.058059e+01 8.131540e+00 6.799784e+00 1.025678e+01 1.196247e+01  1.144739e+01 1.403122e+01  1.964381e+01 2.471385e+01  2.623953e+01  3.076607e+01  8.793082e+01  3.594057e+01 8.018266e-03  0.008273776
[54,] 1.023414e+01 7.791852e+00 6.584052e+00 9.779383e+00 1.148703e+01  1.110011e+01 1.338802e+01  1.857381e+01 2.334310e+01  2.469801e+01  2.902155e+01  4.282846e+01  6.387363e+01 7.672023e-03  0.007922337
[55,] 1.096013e-02 3.042671e-03 2.909006e-02 6.714361e-03 4.002924e-02 -8.762455e-04 1.325632e-02 -8.427977e-03 2.224694e-02 -8.657703e-02 -5.197115e-02 -6.470211e-02 -2.652815e-02 6.957501e-05  0.000087974
[56,] 0.000000e+00 0.000000e+00 0.000000e+00 0.000000e+00 0.000000e+00  0.000000e+00 0.000000e+00  0.000000e+00 0.000000e+00  0.000000e+00  0.000000e+00  0.000000e+00  0.000000e+00 0.000000e+00  0.000000000
[57,] 0.000000e+00 0.000000e+00 0.000000e+00 0.000000e+00 0.000000e+00  0.000000e+00 0.000000e+00  0.000000e+00 0.000000e+00  0.000000e+00  0.000000e+00  0.000000e+00  0.000000e+00 0.000000e+00  0.000000000
             [,31]        [,32]        [,33]        [,34]         [,35]         [,36]         [,37]        [,38]        [,39]         [,40]        [,41]        [,42]        [,43]        [,44]        [,45]
 [1,] 1.326880e-01 5.739433e-02 1.425883e-01 1.406686e-01  1.649339e-01  0.0977183328  1.666071e-01 1.149549e-01 1.591753e-01  1.012613e-01 1.761343e-01 1.340828e-01 1.639623e-01 2.189137e-01 1.395340e-01
 [2,] 5.861455e-02 1.203113e-01 1.217288e-01 1.168876e-01  1.301538e-01  0.1120453342  9.516609e-02 9.308315e-02 6.258863e-02  8.647436e-02 6.524618e-02 8.831287e-02 9.054579e-02 8.401565e-02 9.567945e-02
 [3,] 2.315067e+01 2.645514e+01 2.718364e+01 2.647531e+01  2.629930e+01 26.1320219263  2.545224e+01 2.555132e+01 2.753613e+01  2.513603e+01 2.582059e+01 2.470097e+01 2.453701e+01 2.434542e+01 2.193629e+01
 [4,] 1.345913e+01 1.452329e+01 1.488652e+01 1.472067e+01  1.461252e+01 14.4519823766  1.397540e+01 1.405297e+01 1.523071e+01  1.379943e+01 1.422299e+01 1.362980e+01 1.356115e+01 1.327039e+01 1.186822e+01
 [5,] 6.302321e+01 2.275420e+01 2.294726e+01 2.351324e+01  2.348737e+01 21.6079178804  2.141738e+01 2.132301e+01 2.248558e+01  2.061636e+01 2.240128e+01 2.069717e+01 1.996631e+01 1.959067e+01 1.694321e+01
 [6,] 1.400752e+01 3.116915e+01 1.745247e+01 1.683292e+01  1.679379e+01 16.3533657412  1.597151e+01 1.563850e+01 1.662355e+01  1.549469e+01 1.616569e+01 1.535138e+01 1.533816e+01 1.515547e+01 1.361129e+01
 [7,] 9.406417e+00 1.162119e+01 2.348097e+01 1.168576e+01  1.167360e+01 11.3513936859  1.111080e+01 1.089076e+01 1.175006e+01  1.083197e+01 1.137389e+01 1.086676e+01 1.103478e+01 1.073219e+01 9.495866e+00
 [8,] 1.060584e+01 1.233368e+01 1.285868e+01 2.882759e+01  1.261118e+01 12.1225901301  1.193970e+01 1.168484e+01 1.248942e+01  1.150193e+01 1.208514e+01 1.154006e+01 1.155766e+01 1.129965e+01 1.000770e+01
 [9,] 1.353582e+01 1.572169e+01 1.641200e+01 1.611288e+01  3.443211e+01 15.5278513313  1.521839e+01 1.492973e+01 1.584041e+01  1.469062e+01 1.540629e+01 1.475433e+01 1.485765e+01 1.439029e+01 1.275866e+01
[10,] 1.444549e+01 1.775934e+01 1.851293e+01 1.796726e+01  1.801277e+01 34.4639610933  1.736515e+01 1.716489e+01 1.835050e+01  1.700930e+01 1.737998e+01 1.672854e+01 1.685563e+01 1.640432e+01 1.485624e+01
[11,] 1.139462e+01 1.380320e+01 1.442067e+01 1.408296e+01  1.404921e+01 13.8195042165  2.869501e+01 1.348362e+01 1.440907e+01  1.333582e+01 1.370605e+01 1.314435e+01 1.329866e+01 1.303763e+01 1.159665e+01
[12,] 1.088783e+01 1.297145e+01 1.356619e+01 1.322766e+01  1.322802e+01 13.1103646626  1.294095e+01 2.902618e+01 1.379540e+01  1.277860e+01 1.302820e+01 1.247015e+01 1.260851e+01 1.231929e+01 1.105331e+01
[13,] 1.086462e+01 1.304771e+01 1.385023e+01 1.337888e+01  1.328087e+01 13.2629086050  1.308618e+01 1.305424e+01 3.248681e+01  1.308526e+01 1.344257e+01 1.296894e+01 1.334697e+01 1.280759e+01 1.131139e+01
[14,] 1.153125e+01 1.407822e+01 1.478014e+01 1.426272e+01  1.425786e+01 14.2308740001  1.402009e+01 1.399764e+01 1.514735e+01  3.091915e+01 1.428468e+01 1.369046e+01 1.389825e+01 1.348410e+01 1.210097e+01
[15,] 1.060289e+01 1.242928e+01 1.313309e+01 1.268149e+01  1.265317e+01 12.3049949410  1.219356e+01 1.207655e+01 1.316812e+01  1.208808e+01 2.875774e+01 1.220601e+01 1.240450e+01 1.195996e+01 1.039091e+01
[16,] 1.091243e+01 1.314796e+01 1.397711e+01 1.348919e+01  1.349833e+01 13.1931764400  1.302616e+01 1.287624e+01 1.415158e+01  1.290518e+01 1.359668e+01 2.351219e+01 1.364880e+01 1.295338e+01 1.131544e+01
[17,] 7.909448e+00 9.870107e+00 1.066397e+01 1.015045e+01  1.021288e+01  9.9878967297  9.901997e+00 9.781808e+00 1.094261e+01  9.843370e+00 1.038188e+01 1.025492e+01 2.128127e+01 1.017132e+01 8.721061e+00
[18,] 6.644931e+00 8.350469e+00 8.880472e+00 8.497156e+00  8.469555e+00  8.3230043955  8.312020e+00 8.183405e+00 8.990801e+00  8.177090e+00 8.570762e+00 8.333236e+00 8.709036e+00 1.880188e+01 7.327985e+00
[19,] 8.556358e+00 1.116588e+01 1.169862e+01 1.120456e+01  1.118016e+01 11.2223260989  1.100760e+01 1.093183e+01 1.182222e+01  1.092569e+01 1.108653e+01 1.083812e+01 1.111768e+01 1.091030e+01 1.950771e+01
[20,] 1.029173e+01 1.317421e+01 1.392589e+01 1.328998e+01  1.328547e+01 13.2535013983  1.299554e+01 1.293746e+01 1.423711e+01  1.302450e+01 1.345801e+01 1.311701e+01 1.364588e+01 1.314877e+01 1.204281e+01
[21,] 9.846161e+00 1.274438e+01 1.341579e+01 1.287098e+01  1.282434e+01 12.7919196320  1.252785e+01 1.251136e+01 1.356493e+01  1.259046e+01 1.283798e+01 1.250860e+01 1.285925e+01 1.250073e+01 1.153932e+01
[22,] 1.171131e+01 1.532948e+01 1.607719e+01 1.531153e+01  1.522399e+01 15.4324319436  1.496100e+01 1.504628e+01 1.639464e+01  1.516020e+01 1.540871e+01 1.502149e+01 1.557123e+01 1.498599e+01 1.388410e+01
[23,] 1.514961e+01 2.045691e+01 2.128417e+01 2.044005e+01  2.040041e+01 20.8874734157  2.027950e+01 2.020878e+01 2.190447e+01  2.026218e+01 2.013424e+01 1.985207e+01 2.037244e+01 1.992740e+01 1.894362e+01
[24,] 1.861491e+01 2.525348e+01 2.613918e+01 2.511231e+01  2.496628e+01 25.7491474466  2.489778e+01 2.496579e+01 2.686866e+01  2.507061e+01 2.480353e+01 2.436030e+01 2.492811e+01 2.438284e+01 2.335594e+01
[25,] 2.026111e+01 2.738930e+01 2.857448e+01 2.731193e+01  2.730380e+01 28.0231984227  2.710610e+01 2.709527e+01 2.922438e+01  2.728961e+01 2.702892e+01 2.654423e+01 2.690350e+01 2.626699e+01 2.516689e+01
[26,] 2.255918e+01 3.120885e+01 3.231932e+01 3.101306e+01  3.106240e+01 31.8907442929  3.087037e+01 3.075832e+01 3.310532e+01  3.090104e+01 3.043591e+01 2.999949e+01 3.055529e+01 2.995316e+01 2.906809e+01
[27,] 2.863258e+01 4.156447e+01 4.328849e+01 4.117521e+01  4.115720e+01 43.2238573981  4.129129e+01 4.135038e+01 4.443350e+01  4.167918e+01 4.009774e+01 3.982984e+01 4.074121e+01 3.978903e+01 4.031132e+01
[28,] 2.445305e+01 3.395688e+01 3.507522e+01 3.359341e+01  3.344656e+01 34.5259544675  3.332676e+01 3.342415e+01 3.563259e+01  3.346961e+01 3.300245e+01 3.232979e+01 3.276079e+01 3.233062e+01 3.225374e+01
[29,] 8.708634e-03 9.951686e-03 1.022573e-02 9.959272e-03  9.893062e-03  0.0098301374  9.574424e-03 9.611695e-03 1.035832e-02  9.455472e-03 9.712987e-03 9.291814e-03 9.230138e-03 9.158067e-03 8.251819e-03
