$par
  ln_H_input   ln_H_input     beta1_ct     beta1_ct     beta1_ct     beta1_ct     beta1_ct     beta1_ct     beta1_ct     beta1_ct     beta1_ct     beta1_ct     beta1_ct     beta1_ct     beta1_ct     beta1_ct 
-0.035505297  0.248299526 -4.644507011 -3.200690405 -2.961080796 -1.994560621 -1.814835386 -1.105021441 -0.411872526 -2.357833625 -3.638299296 -1.964771567 -1.228033132 -1.445737870 -0.025862549 -0.756320585 
    beta1_ct     beta1_ct     beta1_ct     beta1_ct     beta1_ct     beta1_ct     beta1_ct     beta1_ct     beta1_ct     beta1_ct     beta1_ct     beta1_ct    lambda1_k    lambda1_k    lambda1_k    lambda1_k 
-1.749303328 -1.308560909 -1.726051897 -1.330257189 -1.107673942  0.914949879  1.517658011 -0.330334002 -2.292585280 -0.616500117  0.629888400 -0.488930815 -4.396023564 -2.266627189 -2.238256604 -0.588699729 
   lambda1_k    lambda1_k   L_omega1_z L_epsilon1_z    logkappa1     beta2_ct     beta2_ct     beta2_ct     beta2_ct     beta2_ct     beta2_ct     beta2_ct     beta2_ct     beta2_ct     beta2_ct     beta2_ct 
 0.042554605 -0.059174922 -2.928052267  1.055267711 -4.259693787 -1.614842065 -0.182255321  0.125192357  1.043114273  1.188812118  1.687305249  2.558119507  0.736672139  0.122050104  1.401243949  1.049672227 
    beta2_ct     beta2_ct     beta2_ct     beta2_ct     beta2_ct     beta2_ct     beta2_ct     beta2_ct     beta2_ct     beta2_ct     beta2_ct     beta2_ct     beta2_ct     beta2_ct     beta2_ct    lambda2_k 
 2.429527151  2.377037996  2.838313085  1.858807084  1.655793273  1.384902659  2.225054384  2.339006510  3.099651679  3.700384801  2.156147961  0.330854944  2.218041826  2.412328248  2.557710578  0.420228012 
   lambda2_k    lambda2_k    lambda2_k    lambda2_k    lambda2_k   L_omega2_z L_epsilon2_z    logkappa2    logSigmaM 
-0.587901973 -0.395058608 -0.515913846 -0.008398434 -0.681153335 -1.384930956  0.990872360 -3.735491049  0.077997502 

$objective
[1] 8401.081

$convergence
[1] 0

$iterations
[1] 2

$evaluations
function gradient 
       7        3 

$message
[1] "relative convergence (4)"

$run_time
Time difference of 5.358241 mins

$number_of_coefficients
 Total  Fixed Random 
 14437     73  14364 

$AIC
[1] 16948.16

$diagnostics
          Param starting_value Lower          MLE Upper final_gradient
1    ln_H_input      0.0000000   -50 -0.035505297    50   2.294208e-05
2    ln_H_input      0.0000000   -50  0.248299526    50   9.090521e-06
3      beta1_ct     -5.6771048   -50 -4.644507011    50   8.525381e-05
4      beta1_ct     -5.6771048   -50 -3.200690405    50   3.407668e-05
5      beta1_ct     -5.6771048   -50 -2.961080796    50   4.847950e-05
6      beta1_ct     -5.6771048   -50 -1.994560621    50   8.383005e-06
7      beta1_ct     -5.6771048   -50 -1.814835386    50   7.234414e-05
8      beta1_ct     -5.6771048   -50 -1.105021441    50   6.865573e-07
9      beta1_ct     -5.6771048   -50 -0.411872526    50  -2.329348e-05
10     beta1_ct     -5.6771048   -50 -2.357833625    50  -8.904754e-05
11     beta1_ct     -5.6771048   -50 -3.638299296    50   2.831100e-05
12     beta1_ct     -5.6771048   -50 -1.964771567    50  -6.854430e-05
13     beta1_ct     -5.6771048   -50 -1.228033132    50   1.506055e-05
14     beta1_ct     -5.6771048   -50 -1.445737870    50  -7.230023e-05
15     beta1_ct     -5.6771048   -50 -0.025862549    50   2.762273e-04
16     beta1_ct     -5.6771048   -50 -0.756320585    50   1.146849e-04
17     beta1_ct     -5.6771048   -50 -1.749303328    50   9.894654e-05
18     beta1_ct     -5.6771048   -50 -1.308560909    50  -8.076595e-05
19     beta1_ct     -5.6771048   -50 -1.726051897    50  -9.487805e-05
20     beta1_ct     -5.6771048   -50 -1.330257189    50   3.734373e-05
21     beta1_ct     -5.6771048   -50 -1.107673942    50  -2.741220e-05
22     beta1_ct     -5.6771048   -50  0.914949879    50  -1.836623e-04
23     beta1_ct     -5.6771048   -50  1.517658011    50  -1.075352e-04
24     beta1_ct     -5.6771048   -50 -0.330334002    50  -1.552622e-04
25     beta1_ct     -5.6771048   -50 -2.292585280    50  -1.106889e-04
26     beta1_ct     -5.6771048   -50 -0.616500117    50   1.303530e-04
27     beta1_ct     -5.6771048   -50  0.629888400    50   6.652855e-05
28     beta1_ct     -5.6771048   -50 -0.488930815    50   9.866848e-06
29    lambda1_k      0.0000000   -50 -4.396023564    50  -5.010345e-06
30    lambda1_k      0.0000000   -50 -2.266627189    50   2.018427e-05
31    lambda1_k      0.0000000   -50 -2.238256604    50   1.417133e-05
32    lambda1_k      0.0000000   -50 -0.588699729    50   3.388908e-05
33    lambda1_k      0.0000000   -50  0.042554605    50   2.257450e-05
34    lambda1_k      0.0000000   -50 -0.059174922    50  -1.637828e-05
35   L_omega1_z     -0.2754280   -50 -2.928052267    50   8.214657e-05
36 L_epsilon1_z      1.1989186   -50  1.055267711    50   7.643342e-05
37    logkappa1     -0.1053605   -50 -4.259693787    50  -1.556221e-05
38     beta2_ct      4.4401824   -50 -1.614842065    50  -1.967119e-04
39     beta2_ct      4.4401824   -50 -0.182255321    50  -2.490936e-04
40     beta2_ct      4.4401824   -50  0.125192357    50   2.577064e-04
41     beta2_ct      4.4401824   -50  1.043114273    50  -1.020885e-04
42     beta2_ct      4.4401824   -50  1.188812118    50   7.037975e-05
43     beta2_ct      4.4401824   -50  1.687305249    50  -5.393395e-05
44     beta2_ct      4.4401824   -50  2.558119507    50  -5.092793e-05
45     beta2_ct      4.4401824   -50  0.736672139    50  -7.032543e-05
46     beta2_ct      4.4401824   -50  0.122050104    50   2.847727e-04
47     beta2_ct      4.4401824   -50  1.401243949    50  -7.355922e-05
48     beta2_ct      4.4401824   -50  1.049672227    50  -1.978603e-05
49     beta2_ct      4.4401824   -50  2.429527151    50  -5.321239e-05
50     beta2_ct      4.4401824   -50  2.377037996    50   1.116154e-04
51     beta2_ct      4.4401824   -50  2.838313085    50  -7.051300e-05
52     beta2_ct      4.4401824   -50  1.858807084    50   1.510636e-04
53     beta2_ct      4.4401824   -50  1.655793273    50   4.596035e-06
54     beta2_ct      4.4401824   -50  1.384902659    50  -4.110640e-05
55     beta2_ct      4.4401824   -50  2.225054384    50  -2.627203e-06
56     beta2_ct      4.4401824   -50  2.339006510    50  -8.677826e-06
57     beta2_ct      4.4401824   -50  3.099651679    50  -1.058152e-04
58     beta2_ct      4.4401824   -50  3.700384801    50  -4.625085e-07
59     beta2_ct      4.4401824   -50  2.156147961    50  -2.570152e-05
60     beta2_ct      4.4401824   -50  0.330854944    50   2.922787e-05
61     beta2_ct      4.4401824   -50  2.218041826    50   1.658505e-04
62     beta2_ct      4.4401824   -50  2.412328248    50  -3.788935e-05
63     beta2_ct      4.4401824   -50  2.557710578    50   5.300286e-05
64    lambda2_k      0.0000000   -50  0.420228012    50  -6.280075e-06
65    lambda2_k      0.0000000   -50 -0.587901973    50  -6.877651e-05
66    lambda2_k      0.0000000   -50 -0.395058608    50   5.954477e-05
67    lambda2_k      0.0000000   -50 -0.515913846    50   3.428329e-05
68    lambda2_k      0.0000000   -50 -0.008398434    50   2.297691e-05
69    lambda2_k      0.0000000   -50 -0.681153335    50  -8.682094e-06
70   L_omega2_z     -0.8921938   -50 -1.384930956    50  -1.473721e-07
71 L_epsilon2_z      0.5412960   -50  0.990872360    50  -5.371867e-06
72    logkappa2     -0.1053605   -50 -3.735491049    50  -6.082705e-05
73    logSigmaM      1.6094379   -50  0.077997502    10  -2.400427e-04

$SD
$SD$value
  Range_raw1   Range_raw2    Index_cyl    Index_cyl    Index_cyl    Index_cyl    Index_cyl    Index_cyl    Index_cyl    Index_cyl    Index_cyl    Index_cyl    Index_cyl    Index_cyl    Index_cyl    Index_cyl 
  200.219559   118.535420    35.868010   204.249569   332.634453  1285.881124  1921.054913  2527.033945  7968.445900  1018.189220   366.864499  2935.992132  1646.976709  5970.718023  8043.101204 13198.129929 
   Index_cyl    Index_cyl    Index_cyl    Index_cyl    Index_cyl    Index_cyl    Index_cyl    Index_cyl    Index_cyl    Index_cyl    Index_cyl    Index_cyl ln_Index_cyl ln_Index_cyl ln_Index_cyl ln_Index_cyl 
 6622.804722  7087.520528  3223.193175  8323.774548  6950.170724 20946.071539 34233.669119  6067.522511   579.230321  6062.839192  8648.504684  7906.396632     3.579846     5.319343     5.807044     7.159199 
ln_Index_cyl ln_Index_cyl ln_Index_cyl ln_Index_cyl ln_Index_cyl ln_Index_cyl ln_Index_cyl ln_Index_cyl ln_Index_cyl ln_Index_cyl ln_Index_cyl ln_Index_cyl ln_Index_cyl ln_Index_cyl ln_Index_cyl ln_Index_cyl 
    7.560630     7.834802     8.983245     6.925781     5.904993     7.984801     7.406697     8.694622     8.992570     9.487830     8.798274     8.866091     8.078128     9.026871     8.846522     9.949706 
ln_Index_cyl ln_Index_cyl ln_Index_cyl ln_Index_cyl ln_Index_cyl ln_Index_cyl       SigmaM       SigmaM       SigmaM 
   10.440965     8.710706     6.361700     8.709933     9.065142     8.975427     1.081120     2.000000     5.000000 

$SD$sd
 [1]   24.3414845   10.3591399   27.6069464   75.2950312  155.6250593  343.6499259  541.9774271  732.5835860 2368.0089306  266.8272447  123.2856613  747.5683635  427.5956709 1456.1316332 1794.6026592 2045.9377844
[17] 1158.8472336 1288.4225903  549.3957903 1375.6764493 1010.3032293 2906.2324961 4037.0661700  856.4305645  109.8633441  954.1505407 1407.8528052 1354.9297509    0.7696816    0.3686423    0.4678561    0.2672486
[33]    0.2821249    0.2898986    0.2971732    0.2620606    0.3360523    0.2546221    0.2596246    0.2438788    0.2231232    0.1550172    0.1749783    0.1817875    0.1704508    0.1652707    0.1453638    0.1387483
[49]    0.1179268    0.1411500    0.1896713    0.1573769    0.1627857    0.1713713    0.0177999    0.0000000    0.0000000

$SD$cov
               [,1]          [,2]          [,3]         [,4]         [,5]         [,6]         [,7]          [,8]         [,9]        [,10]        [,11]         [,12]        [,13]         [,14]        [,15]
 [1,]  5.925079e+02    1.25742237   25.26668468 3.706118e+01 2.893344e+01 1.355399e+01 7.105028e+01 -7.548623e+01 1.254306e+02 3.855488e+01 6.307478e+01     -6.886891 3.258454e+01 -1.844226e+00 3.906164e+01
 [2,]  1.257422e+00  107.31177985   -0.85626057 7.066121e+00 1.684774e+01 1.995440e+02 3.757392e+02  3.595438e+02 2.308237e+03 1.790286e+02 3.252948e+01    524.085253 1.980780e+02  9.306962e+02 1.301503e+03
 [3,]  2.526668e+01   -0.85626057  762.14349217 2.206353e+02 3.935936e+02 9.398711e+02 1.269493e+03  1.758549e+03 5.466639e+03 6.976397e+02 2.743651e+02   1481.716675 1.089431e+03  2.640971e+03 3.097481e+03
 [4,]  3.706118e+01    7.06612133  220.63529942 5.669342e+03 1.782347e+03 4.742161e+03 6.368441e+03  9.289388e+03 3.139526e+04 3.500584e+03 1.344541e+03   6507.048321 5.521198e+03  1.325521e+04 1.713177e+04
 [5,]  2.893344e+01   16.84774307  393.59356944 1.782347e+03 2.421916e+04 7.917969e+03 1.073236e+04  1.591950e+04 4.988388e+04 5.776658e+03 2.188767e+03  11764.191552 9.390160e+03  2.236678e+04 2.787479e+04
 [6,]  1.355399e+01  199.54399463  939.87111175 4.742161e+03 7.917969e+03 1.180953e+05 5.019804e+04  5.478972e+04 1.557151e+05 2.031249e+04 6.361202e+03  40966.745877 2.682315e+04  7.001759e+04 9.270892e+04
 [7,]  7.105028e+01  375.73915358 1269.49337425 6.368441e+03 1.073236e+04 5.019804e+04 2.937395e+05  8.478963e+04 2.137455e+05 3.188103e+04 9.360174e+03  63693.638036 3.946459e+04  1.096692e+05 1.375328e+05
 [8,] -7.548623e+01  359.54377522 1758.54877718 9.289388e+03 1.591950e+04 5.478972e+04 8.478963e+04  5.366787e+05 3.396085e+05 3.977487e+04 1.220678e+04  73053.413472 5.686932e+04  1.355185e+05 1.937372e+05
 [9,]  1.254306e+02 2308.23650143 5466.63855163 3.139526e+04 4.988388e+04 1.557151e+05 2.137455e+05  3.396085e+05 5.607466e+06 1.215403e+05 3.865947e+04 215121.115954 1.929193e+05  4.154884e+05 6.726883e+05
[10,]  3.855488e+01  179.02858761  697.63973530 3.500584e+03 5.776658e+03 2.031249e+04 3.188103e+04  3.977487e+04 1.215403e+05 7.119678e+04 5.141507e+03  30519.599399 2.204955e+04  5.523867e+04 7.671321e+04
[11,]  6.307478e+01   32.52947582  274.36511738 1.344541e+03 2.188767e+03 6.361202e+03 9.360174e+03  1.220678e+04 3.865947e+04 5.141507e+03 1.519935e+04  11247.932668 7.972980e+03  2.196156e+04 2.953182e+04
[12,] -6.886891e+00  524.08525334 1481.71667462 6.507048e+03 1.176419e+04 4.096675e+04 6.369364e+04  7.305341e+04 2.151211e+05 3.051960e+04 1.124793e+04 558858.458093 4.484445e+04  1.543356e+05 1.886351e+05
[13,]  3.258454e+01  198.07795272 1089.43088978 5.521198e+03 9.390160e+03 2.682315e+04 3.946459e+04  5.686932e+04 1.929193e+05 2.204955e+04 7.972980e+03  44844.451907 1.828381e+05  9.416803e+04 1.317023e+05
[14,] -1.844226e+00  930.69623132 2640.97072163 1.325521e+04 2.236678e+04 7.001759e+04 1.096692e+05  1.355185e+05 4.154884e+05 5.523867e+04 2.196156e+04 154335.604647 9.416803e+04  2.120319e+06 3.902219e+05
[15,]  3.906164e+01 1301.50322701 3097.48101577 1.713177e+04 2.787479e+04 9.270892e+04 1.375328e+05  1.937372e+05 6.726883e+05 7.671321e+04 2.953182e+04 188635.145764 1.317023e+05  3.902219e+05 3.220599e+06
[16,]  3.673394e+02 1449.68833224 2361.61438186 1.461519e+04 2.332039e+04 7.966854e+04 1.121586e+05  1.643889e+05 5.776058e+05 6.590993e+04 2.425282e+04 152266.785844 1.043202e+05  3.391552e+05 4.479099e+05
[17,]  2.780131e+02  880.42259749 2182.99511889 1.164509e+04 1.895997e+04 5.958927e+04 8.594402e+04  1.207344e+05 4.281489e+05 4.982005e+04 1.635544e+04 100486.655813 7.586501e+04  2.009794e+05 2.761377e+05
[18,]  1.607491e+01  888.64982583 1520.81341188 6.542507e+03 1.296473e+04 6.434500e+04 1.176018e+05  1.030185e+05 2.267884e+05 4.276086e+04 1.462715e+04 113064.386524 5.557933e+04  2.062958e+05 2.292191e+05
[19,]  3.434215e+01  514.92042819  589.77007827 2.372777e+03 4.657410e+03 2.345729e+04 4.067881e+04  4.146585e+04 8.874323e+04 1.492904e+04 4.856797e+03  36730.921465 1.951141e+04  6.876938e+04 8.303183e+04
[20,]  5.237226e+01  997.78816609 1880.51578723 8.148322e+03 1.482420e+04 7.660822e+04 1.398840e+05  1.276219e+05 2.659902e+05 4.713924e+04 1.592628e+04 116446.006607 6.191754e+04  2.091395e+05 2.582857e+05
[21,]  9.484778e+01  474.64624553 1135.51179423 4.528370e+03 8.530098e+03 3.406022e+04 5.735645e+04  6.554980e+04 1.572018e+05 2.289831e+04 8.656972e+03  65695.809176 3.707178e+04  1.470651e+05 1.690664e+05
[22,] -6.027839e+02 2657.89589001 2781.69323346 1.257844e+04 2.437075e+04 1.215578e+05 2.120820e+05  2.001881e+05 5.262005e+05 7.146280e+04 2.638735e+04 199711.218925 1.226149e+05  4.137127e+05 5.086852e+05
[23,] -1.093177e+03 3966.42762532 4589.31510605 2.457460e+04 4.395222e+04 1.878018e+05 3.168857e+05  3.548666e+05 8.947225e+05 1.305724e+05 4.899298e+04 357597.358775 2.044897e+05  7.843926e+05 9.339548e+05
[24,] -4.975779e+01  980.27786144 1161.78883117 5.173340e+03 9.448836e+03 4.719767e+04 7.889920e+04  8.125540e+04 1.876381e+05 2.978165e+04 1.071561e+04  82482.870224 4.080366e+04  1.486970e+05 1.844437e+05
[25,]  1.625865e+01   21.51198514  141.02864801 5.694301e+02 1.013885e+03 3.769433e+03 6.806918e+03  6.840205e+03 1.630666e+04 2.861380e+03 1.174783e+03   8009.639670 4.196030e+03  1.617226e+04 1.831957e+04
[26,] -9.423643e+01  319.48308726 1247.34102813 5.864732e+03 1.012354e+04 5.250779e+04 9.194761e+04  8.470603e+04 1.919776e+05 3.463686e+04 1.176902e+04  93071.785119 4.319180e+04  1.567212e+05 1.865154e+05
[27,]  4.194239e+00 2172.40218303 1698.71569754 7.307072e+03 1.322044e+04 6.475899e+04 1.125632e+05  1.155280e+05 2.713157e+05 4.353773e+04 1.549216e+04 120560.793216 6.282114e+04  2.459045e+05 2.830115e+05
[28,] -2.830567e+02 1343.80650988 1690.94630671 7.487405e+03 1.378171e+04 7.104617e+04 1.221485e+05  1.247891e+05 2.857394e+05 4.474301e+04 1.455037e+04 120850.584706 5.951089e+04  2.262800e+05 2.661036e+05
[29,]  7.044351e-01   -0.02387254   21.24855827 6.151311e+00 1.097339e+01 2.620360e+01 3.539347e+01  4.902833e+01 1.524099e+02 1.945019e+01 7.649299e+00     41.310256 3.037333e+01  7.363026e+01 8.635776e+01
[30,]  1.814505e-01    0.03459553    1.08022407 2.775693e+01 8.726320e+00 2.321748e+01 3.117970e+01  4.548057e+01 1.537103e+02 1.713876e+01 6.582835e+00     31.858321 2.703163e+01  6.489713e+01 8.387665e+01
[31,]  8.698271e-02    0.05064942    1.18326158 5.358275e+00 7.281013e+01 2.380381e+01 3.226472e+01  4.785885e+01 1.499661e+02 1.736638e+01 6.580098e+00     35.366726 2.822967e+01  6.724132e+01 8.380008e+01
[32,]  1.054063e-02    0.15518075    0.73091602 3.687869e+00 6.157621e+00 9.183996e+01 3.903786e+01  4.260869e+01 1.210961e+02 1.579655e+01 4.946959e+00     31.858890 2.085975e+01  5.445106e+01 7.209758e+01
[33,]  3.698503e-02    0.19559001    0.66083138 3.315075e+00 5.586700e+00 2.613046e+01 1.529053e+02  4.413701e+01 1.112647e+02 1.659558e+01 4.872413e+00     33.155553 2.054319e+01  5.708803e+01 7.159233e+01
[34,] -2.987148e-02    0.14227897    0.69589440 3.676004e+00 6.299679e+00 2.168143e+01 3.355302e+01  2.123750e+02 1.343902e+02 1.573975e+01 4.830477e+00     28.908758 2.250438e+01  5.362751e+01 7.666584e+01
[35,]  1.574091e-02    0.28967211    0.68603572 3.939947e+00 6.260177e+00 1.954147e+01 2.682399e+01  4.261916e+01 7.037089e+02 1.525269e+01 4.851569e+00     26.996621 2.421041e+01  5.214172e+01 8.441901e+01
[36,]  3.786612e-02    0.17583037    0.68517690 3.438048e+00 5.673462e+00 1.994962e+01 3.131149e+01  3.906432e+01 1.193690e+02 6.992490e+01 5.049657e+00     29.974389 2.165565e+01  5.425187e+01 7.534279e+01
[37,]  1.719294e-01    0.08866891    0.74786500 3.664953e+00 5.966147e+00 1.733938e+01 2.551398e+01  3.327327e+01 1.053781e+02 1.401473e+01 4.143043e+01     30.659638 2.173277e+01  5.986288e+01 8.049788e+01
[38,] -2.345678e-03    0.17850363    0.50467324 2.216303e+00 4.006888e+00 1.395329e+01 2.169408e+01  2.488202e+01 7.327033e+01 1.039499e+01 3.831050e+00    190.347396 1.527404e+01  5.256676e+01 6.424920e+01
[39,]  1.978445e-02    0.12026761    0.66147316 3.352323e+00 5.701453e+00 1.628630e+01 2.396184e+01  3.452952e+01 1.171354e+02 1.338789e+01 4.840979e+00     27.228346 1.110144e+02  5.717630e+01 7.996609e+01
[40,] -3.088785e-04    0.15587677    0.44232046 2.220036e+00 3.746079e+00 1.172683e+01 1.836785e+01  2.269719e+01 6.958768e+01 9.251595e+00 3.678212e+00     25.848751 1.577164e+01  3.551197e+02 6.535595e+01
[41,]  4.856540e-03    0.16181609    0.38511029 2.129995e+00 3.465677e+00 1.152651e+01 1.709947e+01  2.408737e+01 8.363544e+01 9.537765e+00 3.671695e+00     23.453036 1.637457e+01  4.851635e+01 4.004175e+02
[42,]  2.783269e-02    0.10984043    0.17893553 1.107368e+00 1.766947e+00 6.036350e+00 8.498067e+00  1.245547e+01 4.376421e+01 4.993884e+00 1.837595e+00     11.536997 7.904166e+00  2.569721e+01 3.393737e+01
[43,]  4.197815e-02    0.13293803    0.32961792 1.758332e+00 2.862830e+00 8.997588e+00 1.297698e+01  1.823010e+01 6.464767e+01 7.522501e+00 2.469564e+00     15.172825 1.145512e+01  3.034657e+01 4.169497e+01
[44,]  2.268059e-03    0.12538233    0.21457623 9.231024e-01 1.829233e+00 9.078633e+00 1.659280e+01  1.453520e+01 3.199827e+01 6.033261e+00 2.063789e+00     15.952601 7.841858e+00  2.910691e+01 3.234123e+01
[45,]  1.065470e-02    0.15975475    0.18297696 7.361571e-01 1.444968e+00 7.277655e+00 1.262065e+01  1.286484e+01 2.753271e+01 4.631754e+00 1.506828e+00     11.395818 6.053440e+00  2.133579e+01 2.576073e+01
[46,]  6.291889e-03    0.11987208    0.22592104 9.789216e-01 1.780947e+00 9.203543e+00 1.680535e+01  1.533222e+01 3.195547e+01 5.663204e+00 1.913348e+00     13.989568 7.438637e+00  2.512556e+01 3.102988e+01
[47,]  1.364683e-02    0.06829275    0.16337898 6.515481e-01 1.227322e+00 4.900631e+00 8.252524e+00  9.431394e+00 2.261840e+01 3.294639e+00 1.245577e+00      9.452402 5.333938e+00  2.115992e+01 2.432550e+01
[48,] -2.877790e-02    0.12689233    0.13280262 6.005156e-01 1.163500e+00 5.803368e+00 1.012515e+01  9.557311e+00 2.512168e+01 3.411752e+00 1.259776e+00      9.534543 5.853840e+00  1.975133e+01 2.428547e+01
[49,] -3.193279e-02    0.11586335    0.13405852 7.178489e-01 1.283889e+00 5.485880e+00 9.256550e+00  1.036601e+01 2.613575e+01 3.814152e+00 1.431134e+00     10.445779 5.973350e+00  2.291290e+01 2.728176e+01
[50,] -8.200677e-03    0.16156147    0.19147664 8.526281e-01 1.557281e+00 7.778738e+00 1.300353e+01  1.339186e+01 3.092500e+01 4.908371e+00 1.766060e+00     13.594160 6.724930e+00  2.450704e+01 3.039852e+01
[51,]  2.806940e-02    0.03713891    0.24347594 9.830806e-01 1.750400e+00 6.507659e+00 1.175166e+01  1.180913e+01 2.815229e+01 4.939969e+00 2.028179e+00     13.828074 7.244148e+00  2.792027e+01 3.162744e+01
[52,] -1.554328e-02    0.05269529    0.20573546 9.673244e-01 1.669768e+00 8.660594e+00 1.516577e+01  1.397135e+01 3.166463e+01 5.712976e+00 1.941173e+00     15.351188 7.124022e+00  2.584947e+01 3.076370e+01
[53,]  4.849670e-04    0.25118818    0.19641727 8.448942e-01 1.528638e+00 7.487883e+00 1.301534e+01  1.335815e+01 3.137140e+01 5.034134e+00 1.791310e+00     13.940074 7.263815e+00  2.843318e+01 3.272374e+01
[54,] -3.580097e-02    0.16996447    0.21387067 9.470060e-01 1.743109e+00 8.985910e+00 1.544932e+01  1.578331e+01 3.614028e+01 5.659090e+00 1.840329e+00     15.285166 7.526929e+00  2.861986e+01 3.365675e+01
[55,]  3.404991e-04    0.04899511    0.00975833 7.994794e-02 1.158664e-01 2.723493e-01 3.325505e-01  5.800526e-01 1.569192e+00 1.200037e-01 5.746062e-02      0.352310 1.761796e-01  9.870831e-01 6.204125e-01
[56,]  0.000000e+00    0.00000000    0.00000000 0.000000e+00 0.000000e+00 0.000000e+00 0.000000e+00  0.000000e+00 0.000000e+00 0.000000e+00 0.000000e+00      0.000000 0.000000e+00  0.000000e+00 0.000000e+00
[57,]  0.000000e+00    0.00000000    0.00000000 0.000000e+00 0.000000e+00 0.000000e+00 0.000000e+00  0.000000e+00 0.000000e+00 0.000000e+00 0.000000e+00      0.000000 0.000000e+00  0.000000e+00 0.000000e+00
             [,16]         [,17]         [,18]        [,19]        [,20]        [,21]         [,22]         [,23]         [,24]        [,25]         [,26]        [,27]         [,28]         [,29]        [,30]
 [1,] 3.673394e+02  2.780131e+02  1.607491e+01 3.434215e+01 5.237226e+01 9.484778e+01 -6.027839e+02 -1.093177e+03 -4.975779e+01 1.625865e+01 -9.423643e+01 4.194239e+00 -2.830567e+02  7.044351e-01 1.814505e-01
 [2,] 1.449688e+03  8.804226e+02  8.886498e+02 5.149204e+02 9.977882e+02 4.746462e+02  2.657896e+03  3.966428e+03  9.802779e+02 2.151199e+01  3.194831e+02 2.172402e+03  1.343807e+03 -2.387254e-02 3.459553e-02
 [3,] 2.361614e+03  2.182995e+03  1.520813e+03 5.897701e+02 1.880516e+03 1.135512e+03  2.781693e+03  4.589315e+03  1.161789e+03 1.410286e+02  1.247341e+03 1.698716e+03  1.690946e+03  2.124856e+01 1.080224e+00
 [4,] 1.461519e+04  1.164509e+04  6.542507e+03 2.372777e+03 8.148322e+03 4.528370e+03  1.257844e+04  2.457460e+04  5.173340e+03 5.694301e+02  5.864732e+03 7.307072e+03  7.487405e+03  6.151311e+00 2.775693e+01
 [5,] 2.332039e+04  1.895997e+04  1.296473e+04 4.657410e+03 1.482420e+04 8.530098e+03  2.437075e+04  4.395222e+04  9.448836e+03 1.013885e+03  1.012354e+04 1.322044e+04  1.378171e+04  1.097339e+01 8.726320e+00
 [6,] 7.966854e+04  5.958927e+04  6.434500e+04 2.345729e+04 7.660822e+04 3.406022e+04  1.215578e+05  1.878018e+05  4.719767e+04 3.769433e+03  5.250779e+04 6.475899e+04  7.104617e+04  2.620360e+01 2.321748e+01
 [7,] 1.121586e+05  8.594402e+04  1.176018e+05 4.067881e+04 1.398840e+05 5.735645e+04  2.120820e+05  3.168857e+05  7.889920e+04 6.806918e+03  9.194761e+04 1.125632e+05  1.221485e+05  3.539347e+01 3.117970e+01
 [8,] 1.643889e+05  1.207344e+05  1.030185e+05 4.146585e+04 1.276219e+05 6.554980e+04  2.001881e+05  3.548666e+05  8.125540e+04 6.840205e+03  8.470603e+04 1.155280e+05  1.247891e+05  4.902833e+01 4.548057e+01
 [9,] 5.776058e+05  4.281489e+05  2.267884e+05 8.874323e+04 2.659902e+05 1.572018e+05  5.262005e+05  8.947225e+05  1.876381e+05 1.630666e+04  1.919776e+05 2.713157e+05  2.857394e+05  1.524099e+02 1.537103e+02
[10,] 6.590993e+04  4.982005e+04  4.276086e+04 1.492904e+04 4.713924e+04 2.289831e+04  7.146280e+04  1.305724e+05  2.978165e+04 2.861380e+03  3.463686e+04 4.353773e+04  4.474301e+04  1.945019e+01 1.713876e+01
[11,] 2.425282e+04  1.635544e+04  1.462715e+04 4.856797e+03 1.592628e+04 8.656972e+03  2.638735e+04  4.899298e+04  1.071561e+04 1.174783e+03  1.176902e+04 1.549216e+04  1.455037e+04  7.649299e+00 6.582835e+00
[12,] 1.522668e+05  1.004867e+05  1.130644e+05 3.673092e+04 1.164460e+05 6.569581e+04  1.997112e+05  3.575974e+05  8.248287e+04 8.009640e+03  9.307179e+04 1.205608e+05  1.208506e+05  4.131026e+01 3.185832e+01
[13,] 1.043202e+05  7.586501e+04  5.557933e+04 1.951141e+04 6.191754e+04 3.707178e+04  1.226149e+05  2.044897e+05  4.080366e+04 4.196030e+03  4.319180e+04 6.282114e+04  5.951089e+04  3.037333e+01 2.703163e+01
[14,] 3.391552e+05  2.009794e+05  2.062958e+05 6.876938e+04 2.091395e+05 1.470651e+05  4.137127e+05  7.843926e+05  1.486970e+05 1.617226e+04  1.567212e+05 2.459045e+05  2.262800e+05  7.363026e+01 6.489713e+01
[15,] 4.479099e+05  2.761377e+05  2.292191e+05 8.303183e+04 2.582857e+05 1.690664e+05  5.086852e+05  9.339548e+05  1.844437e+05 1.831957e+04  1.865154e+05 2.830115e+05  2.661036e+05  8.635776e+01 8.387665e+01
[16,] 4.185861e+06  2.816803e+05  2.265799e+05 8.409871e+04 2.256217e+05 1.585345e+05  4.335357e+05  9.012983e+05  1.807600e+05 1.498553e+04  1.550868e+05 2.627577e+05  2.401100e+05  6.584180e+01 7.155555e+01
[17,] 2.816803e+05  1.342927e+06  1.692693e+05 5.707482e+04 1.588816e+05 1.022156e+05  2.535256e+05  5.441699e+05  1.178773e+05 9.835759e+03  1.052831e+05 1.631917e+05  1.577636e+05  6.086190e+01 5.701401e+01
[18,] 2.265799e+05  1.692693e+05  1.660033e+06 9.371252e+04 2.893979e+05 1.501076e+05  4.651239e+05  8.383926e+05  1.956144e+05 1.444871e+04  1.707287e+05 2.523794e+05  2.355590e+05  4.240027e+01 3.203193e+01
[19,] 8.409871e+04  5.707482e+04  9.371252e+04 3.018357e+05 1.024663e+05 5.999432e+04  1.483721e+05  2.998071e+05  7.906381e+04 5.124638e+03  5.787841e+04 1.134146e+05  1.030085e+05  1.644279e+01 1.161705e+01
[20,] 2.256217e+05  1.588816e+05  2.893979e+05 1.024663e+05 1.892486e+06 1.745740e+05  4.995766e+05  8.921168e+05  2.197231e+05 1.604657e+04  1.896922e+05 3.071284e+05  3.147633e+05  5.242877e+01 3.989395e+01
[21,] 1.585345e+05  1.022156e+05  1.501076e+05 5.999432e+04 1.745740e+05 1.020713e+06  2.724846e+05  6.007299e+05  1.443853e+05 1.007018e+04  9.188592e+04 1.976711e+05  1.879162e+05  3.165807e+01 2.217077e+01
[22,] 4.335357e+05  2.535256e+05  4.651239e+05 1.483721e+05 4.995766e+05 2.724846e+05  8.446187e+06  1.694814e+06  3.540766e+05 2.649766e+04  3.120933e+05 4.633666e+05  4.580413e+05  7.755360e+01 6.158369e+01
[23,] 9.012983e+05  5.441699e+05  8.383926e+05 2.998071e+05 8.921168e+05 6.007299e+05  1.694814e+06  1.629790e+07  7.540827e+05 4.873083e+04  5.193508e+05 1.012400e+06  9.298403e+05  1.279501e+02 1.203165e+02
[24,] 1.807600e+05  1.178773e+05  1.956144e+05 7.906381e+04 2.197231e+05 1.443853e+05  3.540766e+05  7.540827e+05  7.334733e+05 1.143490e+04  1.304070e+05 3.018977e+05  2.637179e+05  3.239067e+01 2.532853e+01
[25,] 1.498553e+04  9.835759e+03  1.444871e+04 5.124638e+03 1.604657e+04 1.007018e+04  2.649766e+04  4.873083e+04  1.143490e+04 1.206995e+04  1.143227e+04 1.839955e+04  1.842604e+04  3.931878e+00 2.787913e+00
[26,] 1.550868e+05  1.052831e+05  1.707287e+05 5.787841e+04 1.896922e+05 9.188592e+04  3.120933e+05  5.193508e+05  1.304070e+05 1.143227e+04  9.104033e+05 1.925209e+05  1.950427e+05  3.477586e+01 2.871356e+01
[27,] 2.627577e+05  1.631917e+05  2.523794e+05 1.134146e+05 3.071284e+05 1.976711e+05  4.633666e+05  1.012400e+06  3.018977e+05 1.839955e+04  1.925209e+05 1.982050e+06  4.828312e+05  4.736019e+01 3.577521e+01
[28,] 2.401100e+05  1.577636e+05  2.355590e+05 1.030085e+05 3.147633e+05 1.879162e+05  4.580413e+05  9.298403e+05  2.637179e+05 1.842604e+04  1.950427e+05 4.828312e+05  1.835835e+06  4.714358e+01 3.665812e+01
[29,] 6.584180e+01  6.086190e+01  4.240027e+01 1.644279e+01 5.242877e+01 3.165807e+01  7.755360e+01  1.279501e+02  3.239067e+01 3.931878e+00  3.477586e+01 4.736019e+01  4.714358e+01  5.924097e-01 3.011664e-02
[30,] 7.155555e+01  5.701401e+01  3.203193e+01 1.161705e+01 3.989395e+01 2.217077e+01  6.158369e+01  1.203165e+02  2.532853e+01 2.787913e+00  2.871356e+01 3.577521e+01  3.665812e+01  3.011664e-02 1.358971e-01
[31,] 7.010818e+01  5.699941e+01  3.897591e+01 1.400159e+01 4.456604e+01 2.564406e+01  7.326585e+01  1.321337e+02  2.840606e+01 3.048046e+00  3.043442e+01 3.974464e+01  4.143201e+01  3.298933e-02 2.623396e-02
[32,] 6.195638e+01  4.634119e+01  5.003962e+01 1.824219e+01 5.957644e+01 2.648785e+01  9.453265e+01  1.460491e+02  3.670453e+01 2.931401e+00  4.083409e+01 5.036157e+01  5.525096e+01  2.037794e-02 1.805570e-02
[33,] 5.838385e+01  4.473793e+01  6.121732e+01 2.117524e+01 7.281622e+01 2.985675e+01  1.103987e+02  1.649540e+02  4.107077e+01 3.543323e+00  4.786308e+01 5.859449e+01  6.358405e+01  1.842398e-02 1.623051e-02
[34,] 6.505212e+01  4.777712e+01  4.076657e+01 1.640890e+01 5.050265e+01 2.593942e+01  7.921861e+01  1.404281e+02  3.215446e+01 2.706812e+00  3.351994e+01 4.571684e+01  4.938165e+01  1.940153e-02 1.799761e-02
[35,] 7.248663e+01  5.373054e+01  2.846080e+01 1.113683e+01 3.338043e+01 1.972803e+01  6.603552e+01  1.122832e+02  2.354764e+01 2.046404e+00  2.409222e+01 3.404876e+01  3.585886e+01  1.912667e-02 1.928987e-02
[36,] 6.473250e+01  4.893005e+01  4.199697e+01 1.466234e+01 4.629713e+01 2.248924e+01  7.018617e+01  1.282398e+02  2.924962e+01 2.810264e+00  3.401809e+01 4.275996e+01  4.394371e+01  1.910273e-02 1.683258e-02
[37,] 6.610839e+01  4.458169e+01  3.987071e+01 1.323867e+01 4.341189e+01 2.359719e+01  7.192671e+01  1.335452e+02  2.920862e+01 3.202225e+00  3.208002e+01 4.222855e+01  3.966143e+01  2.085047e-02 1.794351e-02
[38,] 5.186212e+01  3.422579e+01  3.850977e+01 1.251057e+01 3.966155e+01 2.237602e+01  6.802171e+01  1.217978e+02  2.809370e+01 2.728086e+00  3.170028e+01 4.106305e+01  4.116175e+01  1.407029e-02 1.085096e-02
[39,] 6.334043e+01  4.606320e+01  3.374628e+01 1.184680e+01 3.759466e+01 2.250899e+01  7.444850e+01  1.241606e+02  2.477489e+01 2.547717e+00  2.622490e+01 3.814331e+01  3.613341e+01  1.844187e-02 1.641288e-02
[40,] 5.680308e+01  3.366085e+01  3.455126e+01 1.151777e+01 3.502753e+01 2.463105e+01  6.929027e+01  1.313733e+02  2.490438e+01 2.708596e+00  2.624829e+01 4.118509e+01  3.789829e+01  1.233189e-02 1.086923e-02
[41,] 5.568870e+01  3.433224e+01  2.849885e+01 1.032336e+01 3.211270e+01 2.102005e+01  6.324491e+01  1.161187e+02  2.293191e+01 2.277675e+00  2.318949e+01 3.518686e+01  3.308471e+01  1.073687e-02 1.042840e-02
[42,] 3.171556e+02  2.134244e+01  1.716758e+01 6.372017e+00 1.709497e+01 1.201189e+01  3.284826e+01  6.828985e+01  1.369588e+01 1.135429e+00  1.175066e+01 1.990871e+01  1.819273e+01  4.988722e-03 5.421643e-03
[43,] 4.253188e+01  2.027731e+02  2.555856e+01 8.617922e+00 2.399008e+01 1.543388e+01  3.828070e+01  8.216608e+01  1.779869e+01 1.485135e+00  1.589705e+01 2.464087e+01  2.382127e+01  9.189747e-03 8.608741e-03
[44,] 3.196886e+01  2.388273e+01  2.342191e+02 1.322219e+01 4.083203e+01 2.117914e+01  6.562575e+01  1.182914e+02  2.759984e+01 2.038613e+00  2.408864e+01 3.560898e+01  3.323574e+01  5.982385e-03 4.519483e-03
[45,] 2.609174e+01  1.770754e+01  2.907443e+01 9.364494e+01 3.179031e+01 1.861332e+01  4.603265e+01  9.301555e+01  2.452965e+01 1.589926e+00  1.795685e+01 3.518704e+01  3.195852e+01  5.101397e-03 3.604204e-03
[46,] 2.710570e+01  1.908769e+01  3.476763e+01 1.231008e+01 2.273591e+02 2.097294e+01  6.001803e+01  1.071770e+02  2.639705e+01 1.927800e+00  2.278921e+01 3.689773e+01  3.781497e+01  6.298678e-03 4.792772e-03
[47,] 2.281016e+01  1.470692e+01  2.159768e+01 8.632064e+00 2.511794e+01 1.468615e+02  3.920545e+01  8.643383e+01  2.077435e+01 1.448911e+00  1.322067e+01 2.844118e+01  2.703764e+01  4.555005e-03 3.189961e-03
[48,] 2.069771e+01  1.210373e+01  2.220578e+01 7.083529e+00 2.385061e+01 1.300886e+01  4.032349e+02  8.091324e+01  1.690420e+01 1.265042e+00  1.489985e+01 2.212188e+01  2.186765e+01  3.702537e-03 2.940107e-03
[49,] 2.632783e+01  1.589575e+01  2.449029e+01 8.757668e+00 2.605963e+01 1.754793e+01  4.950724e+01  4.760782e+02  2.202752e+01 1.423477e+00  1.517076e+01 2.957322e+01  2.716157e+01  3.737551e-03 3.514568e-03
[50,] 2.979140e+01  1.942758e+01  3.223959e+01 1.303066e+01 3.621299e+01 2.379642e+01  5.835604e+01  1.242818e+02  1.208851e+02 1.884608e+00  2.149263e+01 4.975634e+01  4.346386e+01  5.338368e-03 4.174443e-03
[51,] 2.587146e+01  1.698074e+01  2.494467e+01 8.847324e+00 2.770327e+01 1.738545e+01  4.574632e+01  8.413032e+01  1.974154e+01 2.083792e+01  1.973700e+01 3.176552e+01  3.181125e+01  6.788109e-03 4.813134e-03
[52,] 2.557989e+01  1.736531e+01  2.815986e+01 9.546420e+00 3.128769e+01 1.515559e+01  5.147642e+01  8.566132e+01  2.150924e+01 1.885629e+00  1.501612e+02 3.175425e+01  3.217019e+01  5.735904e-03 4.735992e-03
[53,] 3.038186e+01  1.886935e+01  2.918185e+01 1.311378e+01 3.551231e+01 2.285610e+01  5.357765e+01  1.170607e+02  3.490750e+01 2.127484e+00  2.226060e+01 2.291783e+02  5.582829e+01  5.476113e-03 4.136578e-03
[54,] 3.036908e+01  1.995392e+01  2.979347e+01 1.302850e+01 3.981122e+01 2.376761e+01  5.793300e+01  1.176061e+02  3.335501e+01 2.330523e+00  2.466897e+01 6.106843e+01  2.321961e+02  5.962714e-03 4.636514e-03
[55,] 4.876523e-01 -1.905359e-01 -4.483104e-01 6.661774e-02 1.914975e-01 8.504690e-02  1.644842e+00  3.692688e+00  5.371541e-01 1.875991e-03 -1.290473e-01 1.052491e+00  5.764929e-01  2.720622e-04 3.914228e-04
[56,] 0.000000e+00  0.000000e+00  0.000000e+00 0.000000e+00 0.000000e+00 0.000000e+00  0.000000e+00  0.000000e+00  0.000000e+00 0.000000e+00  0.000000e+00 0.000000e+00  0.000000e+00  0.000000e+00 0.000000e+00
[57,] 0.000000e+00  0.000000e+00  0.000000e+00 0.000000e+00 0.000000e+00 0.000000e+00  0.000000e+00  0.000000e+00  0.000000e+00 0.000000e+00  0.000000e+00 0.000000e+00  0.000000e+00  0.000000e+00 0.000000e+00
             [,31]        [,32]        [,33]         [,34]        [,35]        [,36]        [,37]         [,38]        [,39]         [,40]        [,41]        [,42]         [,43]         [,44]        [,45]
 [1,] 8.698271e-02 1.054063e-02 3.698503e-02 -2.987148e-02 1.574091e-02 3.786612e-02 1.719294e-01 -2.345678e-03 1.978445e-02 -3.088785e-04 4.856540e-03 2.783269e-02  4.197815e-02  2.268059e-03 1.065470e-02
 [2,] 5.064942e-02 1.551807e-01 1.955900e-01  1.422790e-01 2.896721e-01 1.758304e-01 8.866891e-02  1.785036e-01 1.202676e-01  1.558768e-01 1.618161e-01 1.098404e-01  1.329380e-01  1.253823e-01 1.597548e-01
 [3,] 1.183262e+00 7.309160e-01 6.608314e-01  6.958944e-01 6.860357e-01 6.851769e-01 7.478650e-01  5.046732e-01 6.614732e-01  4.423205e-01 3.851103e-01 1.789355e-01  3.296179e-01  2.145762e-01 1.829770e-01
 [4,] 5.358275e+00 3.687869e+00 3.315075e+00  3.676004e+00 3.939947e+00 3.438048e+00 3.664953e+00  2.216303e+00 3.352323e+00  2.220036e+00 2.129995e+00 1.107368e+00  1.758332e+00  9.231024e-01 7.361571e-01
 [5,] 7.281013e+01 6.157621e+00 5.586700e+00  6.299679e+00 6.260177e+00 5.673462e+00 5.966147e+00  4.006888e+00 5.701453e+00  3.746079e+00 3.465677e+00 1.766947e+00  2.862830e+00  1.829233e+00 1.444968e+00
 [6,] 2.380381e+01 9.183996e+01 2.613046e+01  2.168143e+01 1.954147e+01 1.994962e+01 1.733938e+01  1.395329e+01 1.628630e+01  1.172683e+01 1.152651e+01 6.036350e+00  8.997588e+00  9.078633e+00 7.277655e+00
 [7,] 3.226472e+01 3.903786e+01 1.529053e+02  3.355302e+01 2.682399e+01 3.131149e+01 2.551398e+01  2.169408e+01 2.396184e+01  1.836785e+01 1.709947e+01 8.498067e+00  1.297698e+01  1.659280e+01 1.262065e+01
 [8,] 4.785885e+01 4.260869e+01 4.413701e+01  2.123750e+02 4.261916e+01 3.906432e+01 3.327327e+01  2.488202e+01 3.452952e+01  2.269719e+01 2.408737e+01 1.245547e+01  1.823010e+01  1.453520e+01 1.286484e+01
 [9,] 1.499661e+02 1.210961e+02 1.112647e+02  1.343902e+02 7.037089e+02 1.193690e+02 1.053781e+02  7.327033e+01 1.171354e+02  6.958768e+01 8.363544e+01 4.376421e+01  6.464767e+01  3.199827e+01 2.753271e+01
[10,] 1.736638e+01 1.579655e+01 1.659558e+01  1.573975e+01 1.525269e+01 6.992490e+01 1.401473e+01  1.039499e+01 1.338789e+01  9.251595e+00 9.537765e+00 4.993884e+00  7.522501e+00  6.033261e+00 4.631754e+00
[11,] 6.580098e+00 4.946959e+00 4.872413e+00  4.830477e+00 4.851569e+00 5.049657e+00 4.143043e+01  3.831050e+00 4.840979e+00  3.678212e+00 3.671695e+00 1.837595e+00  2.469564e+00  2.063789e+00 1.506828e+00
[12,] 3.536673e+01 3.185889e+01 3.315555e+01  2.890876e+01 2.699662e+01 2.997439e+01 3.065964e+01  1.903474e+02 2.722835e+01  2.584875e+01 2.345304e+01 1.153700e+01  1.517282e+01  1.595260e+01 1.139582e+01
[13,] 2.822967e+01 2.085975e+01 2.054319e+01  2.250438e+01 2.421041e+01 2.165565e+01 2.173277e+01  1.527404e+01 1.110144e+02  1.577164e+01 1.637457e+01 7.904166e+00  1.145512e+01  7.841858e+00 6.053440e+00
[14,] 6.724132e+01 5.445106e+01 5.708803e+01  5.362751e+01 5.214172e+01 5.425187e+01 5.986288e+01  5.256676e+01 5.717630e+01  3.551197e+02 4.851635e+01 2.569721e+01  3.034657e+01  2.910691e+01 2.133579e+01
[15,] 8.380008e+01 7.209758e+01 7.159233e+01  7.666584e+01 8.441901e+01 7.534279e+01 8.049788e+01  6.424920e+01 7.996609e+01  6.535595e+01 4.004175e+02 3.393737e+01  4.169497e+01  3.234123e+01 2.576073e+01
[16,] 7.010818e+01 6.195638e+01 5.838385e+01  6.505212e+01 7.248663e+01 6.473250e+01 6.610839e+01  5.186212e+01 6.334043e+01  5.680308e+01 5.568870e+01 3.171556e+02  4.253188e+01  3.196886e+01 2.609174e+01
[17,] 5.699941e+01 4.634119e+01 4.473793e+01  4.777712e+01 5.373054e+01 4.893005e+01 4.458169e+01  3.422579e+01 4.606320e+01  3.366085e+01 3.433224e+01 2.134244e+01  2.027731e+02  2.388273e+01 1.770754e+01
[18,] 3.897591e+01 5.003962e+01 6.121732e+01  4.076657e+01 2.846080e+01 4.199697e+01 3.987071e+01  3.850977e+01 3.374628e+01  3.455126e+01 2.849885e+01 1.716758e+01  2.555856e+01  2.342191e+02 2.907443e+01
[19,] 1.400159e+01 1.824219e+01 2.117524e+01  1.640890e+01 1.113683e+01 1.466234e+01 1.323867e+01  1.251057e+01 1.184680e+01  1.151777e+01 1.032336e+01 6.372017e+00  8.617922e+00  1.322219e+01 9.364494e+01
[20,] 4.456604e+01 5.957644e+01 7.281622e+01  5.050265e+01 3.338043e+01 4.629713e+01 4.341189e+01  3.966155e+01 3.759466e+01  3.502753e+01 3.211270e+01 1.709497e+01  2.399008e+01  4.083203e+01 3.179031e+01
[21,] 2.564406e+01 2.648785e+01 2.985675e+01  2.593942e+01 1.972803e+01 2.248924e+01 2.359719e+01  2.237602e+01 2.250899e+01  2.463105e+01 2.102005e+01 1.201189e+01  1.543388e+01  2.117914e+01 1.861332e+01
[22,] 7.326585e+01 9.453265e+01 1.103987e+02  7.921861e+01 6.603552e+01 7.018617e+01 7.192671e+01  6.802171e+01 7.444850e+01  6.929027e+01 6.324491e+01 3.284826e+01  3.828070e+01  6.562575e+01 4.603265e+01
[23,] 1.321337e+02 1.460491e+02 1.649540e+02  1.404281e+02 1.122832e+02 1.282398e+02 1.335452e+02  1.217978e+02 1.241606e+02  1.313733e+02 1.161187e+02 6.828985e+01  8.216608e+01  1.182914e+02 9.301555e+01
[24,] 2.840606e+01 3.670453e+01 4.107077e+01  3.215446e+01 2.354764e+01 2.924962e+01 2.920862e+01  2.809370e+01 2.477489e+01  2.490438e+01 2.293191e+01 1.369588e+01  1.779869e+01  2.759984e+01 2.452965e+01
[25,] 3.048046e+00 2.931401e+00 3.543323e+00  2.706812e+00 2.046404e+00 2.810264e+00 3.202225e+00  2.728086e+00 2.547717e+00  2.708596e+00 2.277675e+00 1.135429e+00  1.485135e+00  2.038613e+00 1.589926e+00
[26,] 3.043442e+01 4.083409e+01 4.786308e+01  3.351994e+01 2.409222e+01 3.401809e+01 3.208002e+01  3.170028e+01 2.622490e+01  2.624829e+01 2.318949e+01 1.175066e+01  1.589705e+01  2.408864e+01 1.795685e+01
[27,] 3.974464e+01 5.036157e+01 5.859449e+01  4.571684e+01 3.404876e+01 4.275996e+01 4.222855e+01  4.106305e+01 3.814331e+01  4.118509e+01 3.518686e+01 1.990871e+01  2.464087e+01  3.560898e+01 3.518704e+01
[28,] 4.143201e+01 5.525096e+01 6.358405e+01  4.938165e+01 3.585886e+01 4.394371e+01 3.966143e+01  4.116175e+01 3.613341e+01  3.789829e+01 3.308471e+01 1.819273e+01  2.382127e+01  3.323574e+01 3.195852e+01
