$par
  ln_H_input   ln_H_input     beta1_ct     beta1_ct     beta1_ct     beta1_ct     beta1_ct     beta1_ct     beta1_ct     beta1_ct     beta1_ct     beta1_ct     beta1_ct     beta1_ct     beta1_ct     beta1_ct 
 -0.07543144   0.14554169  -1.71135453  -1.53378846  -0.69088064   0.31102348   0.02759364  -0.59342891  -1.77844388  -1.78626898  -2.32586559  -1.29881176  -2.35158508  -1.16713037  -0.18817445  -1.35598368 
    beta1_ct     beta1_ct     beta1_ct     beta1_ct     beta1_ct     beta1_ct     beta1_ct     beta1_ct     beta1_ct     beta1_ct     beta1_ct     beta1_ct    lambda1_k    lambda1_k    lambda1_k    lambda1_k 
 -1.01459267  -0.98368140  -1.99898745  -2.20182776  -1.56231019  -0.28656846  -0.01620110  -0.82759726  -1.90780505  -1.90328152  -1.26880883  -1.08916814   0.50978061   0.30153329   1.45999415  -0.82543041 
   lambda1_k    lambda1_k   L_omega1_z L_epsilon1_z    logkappa1     beta2_ct     beta2_ct     beta2_ct     beta2_ct     beta2_ct     beta2_ct     beta2_ct     beta2_ct     beta2_ct     beta2_ct     beta2_ct 
  0.81404961  -1.94296813   1.28931645  -0.98424487  -4.21321361  -7.09511323  -7.50706796  -5.75626088  -6.98302151  -6.83230754  -7.08268810  -7.24163901  -7.39413361  -7.58483806  -7.24124059  -7.43250309 
    beta2_ct     beta2_ct     beta2_ct     beta2_ct     beta2_ct     beta2_ct     beta2_ct     beta2_ct     beta2_ct     beta2_ct     beta2_ct     beta2_ct     beta2_ct     beta2_ct     beta2_ct    lambda2_k 
 -7.06917901  -6.95687530  -7.26577900  -7.06180295  -7.13947908  -7.44028903  -7.91595070  -7.66574187  -7.23885297  -7.19959704  -7.06991589  -7.46717721  -7.34757851  -7.55595273  -7.22442508   2.60451872 
   lambda2_k    lambda2_k    lambda2_k    lambda2_k    lambda2_k   L_omega2_z L_epsilon2_z    logkappa2    logSigmaM 
  3.40652167   3.22157107   0.25571310   0.42775579  -0.29606851  -0.43839728  -0.41779890  -3.80947493  -0.30180865 

$objective
[1] -12192.56

$convergence
[1] 0

$iterations
[1] 3

$evaluations
function gradient 
       9        4 

$message
[1] "relative convergence (4)"

$run_time
Time difference of 10.42883 mins

$number_of_coefficients
 Total  Fixed Random 
 14437     73  14364 

$AIC
[1] -24239.12

$diagnostics
          Param starting_value Lower         MLE Upper final_gradient
1    ln_H_input      0.0000000   -50 -0.07543144    50   1.479948e-05
2    ln_H_input      0.0000000   -50  0.14554169    50  -3.399918e-05
3      beta1_ct     -5.7221632   -50 -1.71135453    50  -1.903221e-05
4      beta1_ct     -5.7221632   -50 -1.53378846    50   1.106029e-05
5      beta1_ct     -5.7221632   -50 -0.69088064    50  -5.050616e-05
6      beta1_ct     -5.7221632   -50  0.31102348    50   1.628663e-05
7      beta1_ct     -5.7221632   -50  0.02759364    50   4.074281e-05
8      beta1_ct     -5.7221632   -50 -0.59342891    50  -1.965358e-05
9      beta1_ct     -5.7221632   -50 -1.77844388    50  -5.970941e-06
10     beta1_ct     -5.7221632   -50 -1.78626898    50  -1.319911e-04
11     beta1_ct     -5.7221632   -50 -2.32586559    50  -1.472085e-04
12     beta1_ct     -5.7221632   -50 -1.29881176    50  -6.563815e-05
13     beta1_ct     -5.7221632   -50 -2.35158508    50  -1.398202e-04
14     beta1_ct     -5.7221632   -50 -1.16713037    50  -2.986286e-05
15     beta1_ct     -5.7221632   -50 -0.18817445    50   8.291462e-05
16     beta1_ct     -5.7221632   -50 -1.35598368    50  -7.461947e-08
17     beta1_ct     -5.7221632   -50 -1.01459267    50   1.969342e-05
18     beta1_ct     -5.7221632   -50 -0.98368140    50   5.148172e-05
19     beta1_ct     -5.7221632   -50 -1.99898745    50   9.396475e-05
20     beta1_ct     -5.7221632   -50 -2.20182776    50   4.319682e-05
21     beta1_ct     -5.7221632   -50 -1.56231019    50   5.054256e-05
22     beta1_ct     -5.7221632   -50 -0.28656846    50  -1.145139e-04
23     beta1_ct     -5.7221632   -50 -0.01620110    50  -1.703085e-04
24     beta1_ct     -5.7221632   -50 -0.82759726    50  -2.151781e-04
25     beta1_ct     -5.7221632   -50 -1.90780505    50  -1.707392e-05
26     beta1_ct     -5.7221632   -50 -1.90328152    50  -2.585078e-05
27     beta1_ct     -5.7221632   -50 -1.26880883    50  -6.094415e-05
28     beta1_ct     -5.7221632   -50 -1.08916814    50  -7.405307e-05
29    lambda1_k      0.0000000   -50  0.50978061    50  -9.564587e-05
30    lambda1_k      0.0000000   -50  0.30153329    50   9.323656e-05
31    lambda1_k      0.0000000   -50  1.45999415    50  -7.296672e-05
32    lambda1_k      0.0000000   -50 -0.82543041    50   3.243034e-05
33    lambda1_k      0.0000000   -50  0.81404961    50   6.226782e-05
34    lambda1_k      0.0000000   -50 -1.94296813    50   1.836740e-05
35   L_omega1_z      0.1407777   -50  1.28931645    50  -5.190059e-06
36 L_epsilon1_z     -0.2774077   -50 -0.98424487    50   3.447968e-04
37    logkappa1     -0.1053605   -50 -4.21321361    50   5.435981e-05
38     beta2_ct     -4.2494200   -50 -7.09511323    50  -2.209914e-04
39     beta2_ct     -4.2494200   -50 -7.50706796    50  -2.992789e-04
40     beta2_ct     -4.2494200   -50 -5.75626088    50   1.117163e-04
41     beta2_ct     -4.2494200   -50 -6.98302151    50  -5.912055e-05
42     beta2_ct     -4.2494200   -50 -6.83230754    50  -2.374210e-05
43     beta2_ct     -4.2494200   -50 -7.08268810    50   3.650873e-05
44     beta2_ct     -4.2494200   -50 -7.24163901    50  -8.091637e-05
45     beta2_ct     -4.2494200   -50 -7.39413361    50  -4.304175e-05
46     beta2_ct     -4.2494200   -50 -7.58483806    50   1.479609e-05
47     beta2_ct     -4.2494200   -50 -7.24124059    50  -8.358276e-05
48     beta2_ct     -4.2494200   -50 -7.43250309    50   1.126905e-05
49     beta2_ct     -4.2494200   -50 -7.06917901    50   1.625288e-05
50     beta2_ct     -4.2494200   -50 -6.95687530    50  -1.283290e-04
51     beta2_ct     -4.2494200   -50 -7.26577900    50  -1.326827e-04
52     beta2_ct     -4.2494200   -50 -7.06180295    50  -7.152027e-05
53     beta2_ct     -4.2494200   -50 -7.13947908    50   1.089716e-05
54     beta2_ct     -4.2494200   -50 -7.44028903    50  -1.146304e-05
55     beta2_ct     -4.2494200   -50 -7.91595070    50  -2.579555e-06
56     beta2_ct     -4.2494200   -50 -7.66574187    50   5.410573e-06
57     beta2_ct     -4.2494200   -50 -7.23885297    50  -1.100896e-05
58     beta2_ct     -4.2494200   -50 -7.19959704    50   1.795145e-05
59     beta2_ct     -4.2494200   -50 -7.06991589    50  -1.072971e-05
60     beta2_ct     -4.2494200   -50 -7.46717721    50  -5.216453e-05
61     beta2_ct     -4.2494200   -50 -7.34757851    50   4.035497e-05
62     beta2_ct     -4.2494200   -50 -7.55595273    50   4.791650e-05
63     beta2_ct     -4.2494200   -50 -7.22442508    50  -1.984966e-05
64    lambda2_k      0.0000000   -50  2.60451872    50   9.554644e-06
65    lambda2_k      0.0000000   -50  3.40652167    50  -2.429832e-05
66    lambda2_k      0.0000000   -50  3.22157107    50   1.363082e-04
67    lambda2_k      0.0000000   -50  0.25571310    50   4.579392e-05
68    lambda2_k      0.0000000   -50  0.42775579    50   1.894893e-04
69    lambda2_k      0.0000000   -50 -0.29606851    50  -2.351385e-06
70   L_omega2_z     -1.8493665   -50 -0.43839728    50  -1.660408e-04
71 L_epsilon2_z     -0.2713812   -50 -0.41779890    50  -1.091124e-03
72    logkappa2     -0.1053605   -50 -3.80947493    50   1.318522e-04
73    logSigmaM      1.6094379   -50 -0.30180865    10   2.928666e-03

$SD
$SD$value
  Range_raw1   Range_raw2    Index_cyl    Index_cyl    Index_cyl    Index_cyl    Index_cyl    Index_cyl    Index_cyl    Index_cyl    Index_cyl    Index_cyl    Index_cyl    Index_cyl    Index_cyl    Index_cyl 
191.12628434 127.63768985   0.07954461   0.05256059   0.59846293   0.19147877   0.22107736   0.14015466   0.06423801   0.06037964   0.03499753   0.07814813   0.04029415   0.09957956   0.17641690   0.08533239 
   Index_cyl    Index_cyl    Index_cyl    Index_cyl    Index_cyl    Index_cyl    Index_cyl    Index_cyl    Index_cyl    Index_cyl    Index_cyl    Index_cyl ln_Index_cyl ln_Index_cyl ln_Index_cyl ln_Index_cyl 
  0.10681061   0.10125897   0.04048446   0.02431191   0.03850483   0.12437851   0.14098494   0.13121794   0.04837315   0.05554308   0.06653644   0.12922516  -2.53143724  -2.94578877  -0.51339069  -1.65297833 
ln_Index_cyl ln_Index_cyl ln_Index_cyl ln_Index_cyl ln_Index_cyl ln_Index_cyl ln_Index_cyl ln_Index_cyl ln_Index_cyl ln_Index_cyl ln_Index_cyl ln_Index_cyl ln_Index_cyl ln_Index_cyl ln_Index_cyl ln_Index_cyl 
 -1.50924261  -1.96500875  -2.74516019  -2.80710331  -3.35247783  -2.54914921  -3.21154899  -2.30679836  -1.73490531  -2.46120119  -2.23669800  -2.29007398  -3.20683700  -3.71678911  -3.25697154  -2.08442587 
ln_Index_cyl ln_Index_cyl ln_Index_cyl ln_Index_cyl ln_Index_cyl ln_Index_cyl       SigmaM       SigmaM       SigmaM 
 -1.95910222  -2.03089568  -3.02881038  -2.89059626  -2.71000554  -2.04619894   0.73947955   2.00000000   5.00000000 

$SD$sd
 [1] 20.579595145 15.536452022  0.032247088  0.017821517  0.156847101  0.034349765  0.043333428  0.031872370  0.019982675  0.012506105  0.009309958  0.017628901  0.012411189  0.019963526  0.025396501  0.012480651
[17]  0.016235061  0.016440583  0.007754368  0.004526062  0.006984681  0.016507296  0.015906758  0.015100794  0.008036802  0.009512668  0.008843520  0.016677973  0.405396246  0.339066176  0.262083235  0.179392028
[33]  0.196010252  0.227408563  0.311072441  0.207124531  0.266017572  0.225583155  0.308014655  0.200478148  0.143957298  0.146259243  0.151998582  0.162361744  0.191539350  0.186166505  0.181397508  0.132718238
[49]  0.112825937  0.115081777  0.166141802  0.171266461  0.132912430  0.129061340  0.012937322  0.000000000  0.000000000

$SD$cov
               [,1]          [,2]         [,3]          [,4]         [,5]         [,6]          [,7]         [,8]         [,9]        [,10]        [,11]         [,12]        [,13]         [,14]         [,15]
 [1,]  4.235197e+02   0.726596455 2.424545e-02 -6.022677e-03 8.382115e-02 1.378164e-03 -1.182249e-02 1.528660e-02 1.676455e-02 6.192817e-03 1.049987e-02  6.433712e-03 1.199560e-02  4.465540e-03 -1.183204e-02
 [2,]  7.265965e-01 241.381341422 1.265694e-02  2.281317e-03 1.542065e-01 4.742247e-03  4.865945e-03 2.764110e-03 3.742026e-03 6.019479e-03 4.199771e-03 -1.475120e-03 9.633129e-03 -4.376438e-03  1.752785e-02
 [3,]  2.424545e-02   0.012656936 1.039875e-03  7.611669e-05 8.300217e-04 1.992303e-04  2.250601e-04 1.651122e-04 8.702704e-05 6.351308e-05 3.846126e-05  7.357229e-05 4.384045e-05  8.080316e-05  1.384126e-04
 [4,] -6.022677e-03   0.002281317 7.611669e-05  3.176065e-04 4.858757e-04 1.210263e-04  1.343707e-04 1.013568e-04 5.632135e-05 3.747772e-05 2.464277e-05  5.038001e-05 2.801955e-05  5.731327e-05  8.779212e-05
 [5,]  8.382115e-02   0.154206546 8.300217e-04  4.858757e-04 2.460101e-02 1.360649e-03  1.485634e-03 1.072312e-03 5.582573e-04 4.021774e-04 2.459696e-04  4.624942e-04 2.690300e-04  5.095259e-04  9.415080e-04
 [6,]  1.378164e-03   0.004742247 1.992303e-04  1.210263e-04 1.360649e-03 1.179906e-03  4.490039e-04 3.049379e-04 1.546749e-04 1.096565e-04 6.241170e-05  1.300799e-04 6.846098e-05  1.383460e-04  2.554113e-04
 [7,] -1.182249e-02   0.004865945 2.250601e-04  1.343707e-04 1.485634e-03 4.490039e-04  1.877786e-03 3.549124e-04 1.785344e-04 1.274763e-04 7.040784e-05  1.464359e-04 7.805644e-05  1.550813e-04  2.879965e-04
 [8,]  1.528660e-02   0.002764110 1.651122e-04  1.013568e-04 1.072312e-03 3.049379e-04  3.549124e-04 1.015848e-03 1.288779e-04 8.919719e-05 5.249319e-05  1.071029e-04 5.883702e-05  1.156829e-04  2.002761e-04
 [9,]  1.676455e-02   0.003742026 8.702704e-05  5.632135e-05 5.582573e-04 1.546749e-04  1.785344e-04 1.288779e-04 3.993073e-04 4.812742e-05 2.982046e-05  6.128065e-05 3.353894e-05  6.610472e-05  1.038034e-04
[10,]  6.192817e-03   0.006019479 6.351308e-05  3.747772e-05 4.021774e-04 1.096565e-04  1.274763e-04 8.919719e-05 4.812742e-05 1.564027e-04 2.302871e-05  4.577102e-05 2.565905e-05  5.178752e-05  8.467282e-05
[11,]  1.049987e-02   0.004199771 3.846126e-05  2.464277e-05 2.459696e-04 6.241170e-05  7.040784e-05 5.249319e-05 2.982046e-05 2.302871e-05 8.667531e-05  3.106252e-05 1.856928e-05  3.631197e-05  5.224823e-05
[12,]  6.433712e-03  -0.001475120 7.357229e-05  5.038001e-05 4.624942e-04 1.300799e-04  1.464359e-04 1.071029e-04 6.128065e-05 4.577102e-05 3.106252e-05  3.107781e-04 3.748940e-05  8.116728e-05  1.100505e-04
[13,]  1.199560e-02   0.009633129 4.384045e-05  2.801955e-05 2.690300e-04 6.846098e-05  7.805644e-05 5.883702e-05 3.353894e-05 2.565905e-05 1.856928e-05  3.748940e-05 1.540376e-04  4.474350e-05  5.989170e-05
[14,]  4.465540e-03  -0.004376438 8.080316e-05  5.731327e-05 5.095259e-04 1.383460e-04  1.550813e-04 1.156829e-04 6.610472e-05 5.178752e-05 3.631197e-05  8.116728e-05 4.474350e-05  3.985424e-04  1.304108e-04
[15,] -1.183204e-02   0.017527846 1.384126e-04  8.779212e-05 9.415080e-04 2.554113e-04  2.879965e-04 2.002761e-04 1.038034e-04 8.467282e-05 5.224823e-05  1.100505e-04 5.989170e-05  1.304108e-04  6.449823e-04
[16,]  3.193804e-03   0.012879254 5.030131e-05  3.551161e-05 3.470326e-04 9.596039e-05  1.072525e-04 7.692584e-05 4.197347e-05 3.302530e-05 2.211419e-05  4.654862e-05 2.601212e-05  5.509262e-05  8.302267e-05
[17,]  1.556285e-03   0.011336962 6.216022e-05  4.739604e-05 4.126539e-04 1.192371e-04  1.347968e-04 9.777692e-05 5.481624e-05 4.150571e-05 2.865226e-05  6.323072e-05 3.455095e-05  7.651876e-05  1.064008e-04
[18,]  9.609108e-03   0.008768685 5.800186e-05  4.241159e-05 3.614744e-04 1.129137e-04  1.276133e-04 9.095313e-05 5.070871e-05 3.850251e-05 2.630340e-05  6.031167e-05 3.267174e-05  6.928308e-05  9.543581e-05
[19,]  7.690119e-03   0.005463250 2.745003e-05  1.940775e-05 1.698918e-04 5.085982e-05  5.817499e-05 4.229683e-05 2.422750e-05 1.844450e-05 1.278914e-05  2.803335e-05 1.584228e-05  3.240455e-05  4.411166e-05
[20,]  2.834561e-03   0.003702657 1.546436e-05  1.122767e-05 9.468996e-05 2.887630e-05  3.306125e-05 2.423107e-05 1.379061e-05 1.035226e-05 7.176114e-06  1.569479e-05 8.844575e-06  1.787792e-05  2.489314e-05
[21,]  8.225002e-03   0.004824105 2.572501e-05  1.925814e-05 1.611063e-04 4.858444e-05  5.485005e-05 3.987115e-05 2.242976e-05 1.746885e-05 1.234098e-05  2.719960e-05 1.506562e-05  3.216248e-05  4.356031e-05
[22,]  1.400658e-02   0.017058696 6.037740e-05  4.663285e-05 3.726993e-04 1.217406e-04  1.390291e-04 9.903947e-05 5.364727e-05 4.214660e-05 2.872064e-05  6.443025e-05 3.523076e-05  7.500427e-05  1.080054e-04
[23,]  9.123740e-03   0.014887688 6.023699e-05  4.700568e-05 3.961296e-04 1.312487e-04  1.474675e-04 1.026106e-04 5.608616e-05 4.291306e-05 2.852709e-05  6.703510e-05 3.478824e-05  7.651742e-05  1.116803e-04
[24,]  5.673791e-03   0.016136305 5.395931e-05  4.190426e-05 3.477671e-04 1.127794e-04  1.272682e-04 9.018260e-05 4.964878e-05 3.854008e-05 2.645433e-05  5.919867e-05 3.216771e-05  6.828744e-05  9.851561e-05
[25,]  4.581833e-03   0.004281891 2.920334e-05  2.142186e-05 1.824515e-04 5.719512e-05  6.590999e-05 4.696551e-05 2.676184e-05 2.007871e-05 1.381261e-05  3.104401e-05 1.673114e-05  3.493798e-05  4.826605e-05
[26,]  1.854416e-03   0.009204063 3.302781e-05  2.568615e-05 1.956118e-04 6.294760e-05  7.106035e-05 5.199227e-05 2.983595e-05 2.245561e-05 1.552530e-05  3.442134e-05 1.936640e-05  3.943805e-05  5.533242e-05
[27,]  8.705555e-03   0.008004249 2.796822e-05  2.126263e-05 1.627778e-04 5.351962e-05  6.027399e-05 4.424204e-05 2.497341e-05 1.905265e-05 1.305024e-05  2.911988e-05 1.644131e-05  3.346213e-05  4.723017e-05
[28,]  1.003919e-02   0.024985973 6.142107e-05  4.481267e-05 3.749675e-04 1.247941e-04  1.426187e-04 1.009382e-04 5.472561e-05 4.174541e-05 2.784417e-05  6.165244e-05 3.440255e-05  6.986217e-05  1.054996e-04
[29,]  3.048031e-01   0.159117443 1.307285e-02  9.569057e-04 1.043467e-02 2.504636e-03  2.829357e-03 2.075718e-03 1.094066e-03 7.984586e-04 4.835181e-04  9.249186e-04 5.511429e-04  1.015822e-03  1.740062e-03
[30,] -1.145854e-01   0.043403567 1.448171e-03  6.042674e-03 9.244108e-03 2.302606e-03  2.556492e-03 1.928380e-03 1.071551e-03 7.130385e-04 4.688451e-04  9.585132e-04 5.330905e-04  1.090423e-03  1.670303e-03
[31,]  1.400607e-01   0.257671007 1.386923e-03  8.118727e-04 4.110700e-02 2.273573e-03  2.482416e-03 1.791777e-03 9.328185e-04 6.720172e-04 4.110022e-04  7.728034e-04 4.495350e-04  8.513909e-04  1.573210e-03
[32,]  7.197477e-03   0.024766435 1.040483e-03  6.320612e-04 7.106006e-03 6.162074e-03  2.344928e-03 1.592541e-03 8.077915e-04 5.726823e-04 3.259458e-04  6.793437e-04 3.575382e-04  7.225138e-04  1.333888e-03
[33,] -5.347669e-02   0.022010148 1.018015e-03  6.077996e-04 6.719973e-03 2.030981e-03  8.493796e-03 1.605376e-03 8.075653e-04 5.766140e-04 3.184760e-04  6.623742e-04 3.530730e-04  7.014797e-04  1.302696e-03
[34,]  1.090695e-01   0.019721857 1.178071e-03  7.231780e-04 7.650920e-03 2.175724e-03  2.532291e-03 7.248050e-03 9.195408e-04 6.364197e-04 3.745376e-04  7.641769e-04 4.198007e-04  8.253947e-04  1.428965e-03
[35,]  2.609756e-01   0.058252522 1.354759e-03  8.767606e-04 8.690451e-03 2.407841e-03  2.779264e-03 2.006257e-03 6.216059e-03 7.492048e-04 4.642183e-04  9.539625e-04 5.221043e-04  1.029059e-03  1.615918e-03
[36,]  1.025646e-01   0.099693848 1.051896e-03  6.207013e-04 6.660811e-03 1.816117e-03  2.111246e-03 1.477273e-03 7.970803e-04 2.590321e-03 3.813986e-04  7.580539e-04 4.249620e-04  8.576984e-04  1.402341e-03
[37,]  3.000174e-01   0.120001923 1.098971e-03  7.041289e-04 7.028198e-03 1.783317e-03  2.011794e-03 1.499911e-03 8.520734e-04 6.580097e-04 2.476612e-03  8.875633e-04 5.305883e-04  1.037558e-03  1.492912e-03
[38,]  8.232715e-02  -0.018875945 9.414467e-04  6.446734e-04 5.918174e-03 1.664530e-03  1.873825e-03 1.370512e-03 7.841603e-04 5.856957e-04 3.974826e-04  3.976783e-03 4.797223e-04  1.038634e-03  1.408230e-03
[39,]  2.977009e-01   0.239070162 1.088010e-03  6.953751e-04 6.676652e-03 1.699030e-03  1.937166e-03 1.460188e-03 8.323526e-04 6.367935e-04 4.608431e-04  9.303930e-04 3.822828e-03  1.110422e-03  1.486362e-03
[40,]  4.484394e-02  -0.043949158 8.114432e-04  5.755525e-04 5.116772e-03 1.389302e-03  1.557360e-03 1.161713e-03 6.638382e-04 5.200618e-04 3.646529e-04  8.150998e-04 4.493241e-04  4.002251e-03  1.309614e-03
[41,] -6.706860e-02   0.099354685 7.845766e-04  4.976401e-04 5.336836e-03 1.447771e-03  1.632477e-03 1.135243e-03 5.883981e-04 4.799586e-04 2.961634e-04  6.238093e-04 3.394896e-04  7.392192e-04  3.656012e-03
[42,]  3.742780e-02   0.150930428 5.894749e-04  4.161563e-04 4.066833e-03 1.124548e-03  1.256879e-03 9.014847e-04 4.918821e-04 3.870195e-04 2.591536e-04  5.454977e-04 3.048329e-04  6.456238e-04  9.729327e-04
[43,]  1.457051e-02   0.106140781 5.819667e-04  4.437391e-04 3.863417e-03 1.116341e-03  1.262017e-03 9.154233e-04 5.132097e-04 3.885917e-04 2.682530e-04  5.919892e-04 3.234787e-04  7.163966e-04  9.961630e-04
[44,]  9.489636e-02   0.086596624 5.728071e-04  4.188428e-04 3.569802e-03 1.115098e-03  1.260267e-03 8.982229e-04 5.007824e-04 3.802380e-04 2.597637e-04  5.956180e-04 3.226553e-04  6.842167e-04  9.424924e-04
[45,]  1.899523e-01   0.134946823 6.780387e-04  4.793877e-04 4.196469e-03 1.256280e-03  1.436971e-03 1.044767e-03 5.984393e-04 4.555946e-04 3.159024e-04  6.924470e-04 3.913175e-04  8.004193e-04  1.089595e-03
[46,]  1.165915e-01   0.152298098 6.360819e-04  4.618177e-04 3.894798e-03 1.187743e-03  1.359879e-03 9.966752e-04 5.672370e-04 4.258105e-04 2.951687e-04  6.455598e-04 3.637960e-04  7.353568e-04  1.023907e-03
[47,]  2.136096e-01   0.125285707 6.680982e-04  5.001487e-04 4.184053e-03 1.261775e-03  1.424498e-03 1.035484e-03 5.825181e-04 4.536794e-04 3.205046e-04  7.063944e-04 3.912658e-04  8.352843e-04  1.131295e-03
[48,]  1.126126e-01   0.137151473 4.854327e-04  3.749269e-04 2.996493e-03 9.787910e-04  1.117790e-03 7.962748e-04 4.313227e-04 3.388576e-04 2.309132e-04  5.180175e-04 2.832544e-04  6.030324e-04  8.683607e-04
[49,]  6.471429e-02   0.105597722 4.272583e-04  3.334093e-04 2.809730e-03 9.309413e-04  1.045980e-03 7.278123e-04 3.978167e-04 3.043804e-04 2.023414e-04  4.754770e-04 2.467515e-04  5.427347e-04  7.921436e-04
[50,]  4.323944e-02   0.122973313 4.112190e-04  3.193486e-04 2.650302e-03 8.594813e-04  9.698993e-04 6.872734e-04 3.783689e-04 2.937105e-04 2.016060e-04  4.511477e-04 2.451472e-04  5.204124e-04  7.507785e-04
[51,]  9.471851e-02   0.088517934 6.037097e-04  4.428461e-04 3.771752e-03 1.182373e-03  1.362532e-03 9.709004e-04 5.532375e-04 4.150797e-04 2.855428e-04  6.417613e-04 3.458767e-04  7.222597e-04  9.977860e-04
[52,]  3.338698e-02   0.165710329 5.946341e-04  4.624545e-04 3.521803e-03 1.133311e-03  1.279373e-03 9.360710e-04 5.371676e-04 4.042917e-04 2.795181e-04  6.197233e-04 3.486734e-04  7.100443e-04  9.962072e-04
[53,]  1.308389e-01   0.120298725 4.203444e-04  3.195637e-04 2.446445e-03 8.043656e-04  9.058794e-04 6.649294e-04 3.753344e-04 2.863491e-04 1.961368e-04  4.376532e-04 2.471024e-04  5.029143e-04  7.098392e-04
[54,]  7.768760e-02   0.193352225 4.753027e-04  3.467798e-04 2.901660e-03 9.657104e-04  1.103645e-03 7.811030e-04 4.234904e-04 3.230440e-04 2.154702e-04  4.770931e-04 2.662218e-04  5.406235e-04  8.164017e-04
[55,] -7.335126e-04   0.052183313 1.691313e-06  1.626586e-06 8.812351e-05 1.572710e-05  1.858769e-06 5.251031e-06 2.274723e-06 4.025031e-07 5.537052e-07  8.566727e-06 5.190471e-07  3.080995e-06  1.001163e-05
[56,]  0.000000e+00   0.000000000 0.000000e+00  0.000000e+00 0.000000e+00 0.000000e+00  0.000000e+00 0.000000e+00 0.000000e+00 0.000000e+00 0.000000e+00  0.000000e+00 0.000000e+00  0.000000e+00  0.000000e+00
[57,]  0.000000e+00   0.000000000 0.000000e+00  0.000000e+00 0.000000e+00 0.000000e+00  0.000000e+00 0.000000e+00 0.000000e+00 0.000000e+00 0.000000e+00  0.000000e+00 0.000000e+00  0.000000e+00  0.000000e+00
             [,16]        [,17]        [,18]        [,19]        [,20]        [,21]        [,22]        [,23]        [,24]        [,25]        [,26]        [,27]        [,28]        [,29]         [,30]
 [1,] 3.193804e-03 1.556285e-03 9.609108e-03 7.690119e-03 2.834561e-03 8.225002e-03 1.400658e-02 9.123740e-03 5.673791e-03 4.581833e-03 1.854416e-03 8.705555e-03 1.003919e-02 3.048031e-01 -1.145854e-01
 [2,] 1.287925e-02 1.133696e-02 8.768685e-03 5.463250e-03 3.702657e-03 4.824105e-03 1.705870e-02 1.488769e-02 1.613630e-02 4.281891e-03 9.204063e-03 8.004249e-03 2.498597e-02 1.591174e-01  4.340357e-02
 [3,] 5.030131e-05 6.216022e-05 5.800186e-05 2.745003e-05 1.546436e-05 2.572501e-05 6.037740e-05 6.023699e-05 5.395931e-05 2.920334e-05 3.302781e-05 2.796822e-05 6.142107e-05 1.307285e-02  1.448171e-03
 [4,] 3.551161e-05 4.739604e-05 4.241159e-05 1.940775e-05 1.122767e-05 1.925814e-05 4.663285e-05 4.700568e-05 4.190426e-05 2.142186e-05 2.568615e-05 2.126263e-05 4.481267e-05 9.569057e-04  6.042674e-03
 [5,] 3.470326e-04 4.126539e-04 3.614744e-04 1.698918e-04 9.468996e-05 1.611063e-04 3.726993e-04 3.961296e-04 3.477671e-04 1.824515e-04 1.956118e-04 1.627778e-04 3.749675e-04 1.043467e-02  9.244108e-03
 [6,] 9.596039e-05 1.192371e-04 1.129137e-04 5.085982e-05 2.887630e-05 4.858444e-05 1.217406e-04 1.312487e-04 1.127794e-04 5.719512e-05 6.294760e-05 5.351962e-05 1.247941e-04 2.504636e-03  2.302606e-03
 [7,] 1.072525e-04 1.347968e-04 1.276133e-04 5.817499e-05 3.306125e-05 5.485005e-05 1.390291e-04 1.474675e-04 1.272682e-04 6.590999e-05 7.106035e-05 6.027399e-05 1.426187e-04 2.829357e-03  2.556492e-03
 [8,] 7.692584e-05 9.777692e-05 9.095313e-05 4.229683e-05 2.423107e-05 3.987115e-05 9.903947e-05 1.026106e-04 9.018260e-05 4.696551e-05 5.199227e-05 4.424204e-05 1.009382e-04 2.075718e-03  1.928380e-03
 [9,] 4.197347e-05 5.481624e-05 5.070871e-05 2.422750e-05 1.379061e-05 2.242976e-05 5.364727e-05 5.608616e-05 4.964878e-05 2.676184e-05 2.983595e-05 2.497341e-05 5.472561e-05 1.094066e-03  1.071551e-03
[10,] 3.302530e-05 4.150571e-05 3.850251e-05 1.844450e-05 1.035226e-05 1.746885e-05 4.214660e-05 4.291306e-05 3.854008e-05 2.007871e-05 2.245561e-05 1.905265e-05 4.174541e-05 7.984586e-04  7.130385e-04
[11,] 2.211419e-05 2.865226e-05 2.630340e-05 1.278914e-05 7.176114e-06 1.234098e-05 2.872064e-05 2.852709e-05 2.645433e-05 1.381261e-05 1.552530e-05 1.305024e-05 2.784417e-05 4.835181e-04  4.688451e-04
[12,] 4.654862e-05 6.323072e-05 6.031167e-05 2.803335e-05 1.569479e-05 2.719960e-05 6.443025e-05 6.703510e-05 5.919867e-05 3.104401e-05 3.442134e-05 2.911988e-05 6.165244e-05 9.249186e-04  9.585132e-04
[13,] 2.601212e-05 3.455095e-05 3.267174e-05 1.584228e-05 8.844575e-06 1.506562e-05 3.523076e-05 3.478824e-05 3.216771e-05 1.673114e-05 1.936640e-05 1.644131e-05 3.440255e-05 5.511429e-04  5.330905e-04
[14,] 5.509262e-05 7.651876e-05 6.928308e-05 3.240455e-05 1.787792e-05 3.216248e-05 7.500427e-05 7.651742e-05 6.828744e-05 3.493798e-05 3.943805e-05 3.346213e-05 6.986217e-05 1.015822e-03  1.090423e-03
[15,] 8.302267e-05 1.064008e-04 9.543581e-05 4.411166e-05 2.489314e-05 4.356031e-05 1.080054e-04 1.116803e-04 9.851561e-05 4.826605e-05 5.533242e-05 4.723017e-05 1.054996e-04 1.740062e-03  1.670303e-03
[16,] 1.557666e-04 4.888537e-05 4.496028e-05 2.091091e-05 1.200115e-05 2.072801e-05 5.061181e-05 5.255675e-05 4.671749e-05 2.259672e-05 2.674875e-05 2.275425e-05 4.912791e-05 6.323660e-04  6.756319e-04
[17,] 4.888537e-05 2.635772e-04 6.337039e-05 2.939791e-05 1.663636e-05 2.950736e-05 7.174956e-05 7.302116e-05 6.478851e-05 3.084891e-05 3.677557e-05 3.132490e-05 6.631764e-05 7.814510e-04  9.017411e-04
[18,] 4.496028e-05 6.337039e-05 2.702928e-04 2.911373e-05 1.669724e-05 2.873288e-05 6.989795e-05 7.231220e-05 6.297069e-05 3.055297e-05 3.702775e-05 3.173485e-05 6.606599e-05 7.291739e-04  8.069087e-04
[19,] 2.091091e-05 2.939791e-05 2.911373e-05 6.013022e-05 8.858855e-06 1.482147e-05 3.600161e-05 3.653602e-05 3.219980e-05 1.619447e-05 2.031598e-05 1.786368e-05 3.678506e-05 3.450898e-04  3.692454e-04
[20,] 1.200115e-05 1.663636e-05 1.669724e-05 8.858855e-06 2.048524e-05 8.561996e-06 2.079967e-05 2.162776e-05 1.899110e-05 9.432310e-06 1.202082e-05 1.048759e-05 2.207155e-05 1.944112e-04  2.136138e-04
[21,] 2.072801e-05 2.950736e-05 2.873288e-05 1.482147e-05 8.561996e-06 4.878576e-05 3.610949e-05 3.675260e-05 3.203825e-05 1.587777e-05 2.032306e-05 1.771624e-05 3.638993e-05 3.234035e-04  3.663990e-04
[22,] 5.061181e-05 7.174956e-05 6.989795e-05 3.600161e-05 2.079967e-05 3.610949e-05 2.724908e-04 9.499046e-05 8.167838e-05 3.861120e-05 5.099105e-05 4.426508e-05 9.507710e-05 7.590382e-04  8.872209e-04
[23,] 5.255675e-05 7.302116e-05 7.231220e-05 3.653602e-05 2.162776e-05 3.675260e-05 9.499046e-05 2.530249e-04 8.597123e-05 3.992878e-05 5.194990e-05 4.489622e-05 9.776525e-05 7.572730e-04  8.943143e-04
[24,] 4.671749e-05 6.478851e-05 6.297069e-05 3.219980e-05 1.899110e-05 3.203825e-05 8.167838e-05 8.597123e-05 2.280340e-04 3.518270e-05 4.510134e-05 3.913436e-05 8.521122e-05 6.783528e-04  7.972563e-04
[25,] 2.259672e-05 3.084891e-05 3.055297e-05 1.619447e-05 9.432310e-06 1.587777e-05 3.861120e-05 3.992878e-05 3.518270e-05 6.459019e-05 2.256866e-05 1.936077e-05 4.145805e-05 3.671316e-04  4.075651e-04
[26,] 2.674875e-05 3.677557e-05 3.702775e-05 2.031598e-05 1.202082e-05 2.032306e-05 5.099105e-05 5.194990e-05 4.510134e-05 2.256866e-05 9.049084e-05 2.713724e-05 5.740357e-05 4.152111e-04  4.886961e-04
[27,] 2.275425e-05 3.132490e-05 3.173485e-05 1.786368e-05 1.048759e-05 1.771624e-05 4.426508e-05 4.489622e-05 3.913436e-05 1.936077e-05 2.713724e-05 7.820784e-05 5.088203e-05 3.516042e-04  4.045356e-04
[28,] 4.912791e-05 6.631764e-05 6.606599e-05 3.678506e-05 2.207155e-05 3.638993e-05 9.507710e-05 9.776525e-05 8.521122e-05 4.145805e-05 5.740357e-05 5.088203e-05 2.781548e-04 7.721587e-04  8.525908e-04
[29,] 6.323660e-04 7.814510e-04 7.291739e-04 3.450898e-04 1.944112e-04 3.234035e-04 7.590382e-04 7.572730e-04 6.783528e-04 3.671316e-04 4.152111e-04 3.516042e-04 7.721587e-04 1.643461e-01  1.820577e-02
[30,] 6.756319e-04 9.017411e-04 8.069087e-04 3.692454e-04 2.136138e-04 3.663990e-04 8.872209e-04 8.943143e-04 7.972563e-04 4.075651e-04 4.886961e-04 4.045356e-04 8.525908e-04 1.820577e-02  1.149659e-01
[31,] 5.798731e-04 6.895229e-04 6.040047e-04 2.838803e-04 1.582219e-04 2.692001e-04 6.227609e-04 6.619117e-04 5.811005e-04 3.048669e-04 3.268570e-04 2.719931e-04 6.265509e-04 1.743578e-02  1.544642e-02
[32,] 5.011542e-04 6.227172e-04 5.896929e-04 2.656160e-04 1.508068e-04 2.537328e-04 6.357914e-04 6.854478e-04 5.889915e-04 2.987022e-04 3.287446e-04 2.795068e-04 6.517385e-04 1.308049e-02  1.202538e-02
[33,] 4.851354e-04 6.097267e-04 5.772338e-04 2.631431e-04 1.495461e-04 2.481034e-04 6.288708e-04 6.670401e-04 5.756727e-04 2.981309e-04 3.214275e-04 2.726376e-04 6.451076e-04 1.279804e-02  1.156379e-02
[34,] 5.488640e-04 6.976359e-04 6.489483e-04 3.017868e-04 1.728881e-04 2.844797e-04 7.066441e-04 7.321238e-04 6.434506e-04 3.350977e-04 3.709636e-04 3.156658e-04 7.201913e-04 1.481020e-02  1.375894e-02
[35,] 6.534055e-04 8.533303e-04 7.893879e-04 3.771520e-04 2.146799e-04 3.491665e-04 8.351328e-04 8.730993e-04 7.728879e-04 4.166044e-04 4.644594e-04 3.887638e-04 8.519195e-04 1.703144e-02  1.668095e-02
[36,] 5.469608e-04 6.874124e-04 6.376737e-04 3.054755e-04 1.714529e-04 2.893169e-04 6.980267e-04 7.107206e-04 6.382960e-04 3.325411e-04 3.719069e-04 3.155475e-04 6.913823e-04 1.322397e-02  1.180925e-02
[37,] 6.318787e-04 8.186939e-04 7.515789e-04 3.654298e-04 2.050463e-04 3.526242e-04 8.206475e-04 8.151174e-04 7.558913e-04 3.946738e-04 4.436113e-04 3.728904e-04 7.956038e-04 1.381578e-02  1.339652e-02
[38,] 5.956460e-04 8.091138e-04 7.717609e-04 3.587206e-04 2.008338e-04 3.480518e-04 8.244631e-04 8.577954e-04 7.575187e-04 3.972458e-04 4.404628e-04 3.726242e-04 7.889177e-04 1.183546e-02  1.226534e-02
[39,] 6.455558e-04 8.574683e-04 8.108309e-04 3.931657e-04 2.195002e-04 3.738911e-04 8.743392e-04 8.633572e-04 7.983222e-04 4.152252e-04 4.806255e-04 4.080323e-04 8.537853e-04 1.367799e-02  1.322997e-02
[40,] 5.532523e-04 7.684184e-04 6.957560e-04 3.254136e-04 1.795341e-04 3.229827e-04 7.532095e-04 7.684049e-04 6.857576e-04 3.508549e-04 3.960456e-04 3.360341e-04 7.015714e-04 1.020111e-02  1.095027e-02
[41,] 4.706050e-04 6.031212e-04 5.409675e-04 2.500421e-04 1.411041e-04 2.469169e-04 6.122169e-04 6.330477e-04 5.584250e-04 2.735909e-04 3.136458e-04 2.677191e-04 5.980132e-04 9.863353e-03  9.467933e-03
[42,] 1.825411e-03 5.728818e-04 5.268841e-04 2.450525e-04 1.406401e-04 2.429091e-04 5.931137e-04 6.159062e-04 5.474766e-04 2.648083e-04 3.134653e-04 2.666543e-04 5.757241e-04 7.410621e-03  7.917649e-03
[43,] 4.576827e-04 2.467706e-03 5.932968e-04 2.752340e-04 1.557557e-04 2.762587e-04 6.717456e-04 6.836508e-04 6.065737e-04 2.888187e-04 3.443064e-04 2.932751e-04 6.208900e-04 7.316230e-03  8.442430e-03
[44,] 4.440128e-04 6.258250e-04 2.669322e-03 2.875176e-04 1.648964e-04 2.837564e-04 6.902890e-04 7.141313e-04 6.218777e-04 3.017310e-04 3.656737e-04 3.134029e-04 6.524458e-04 7.201079e-03  7.968762e-03
[45,] 5.165170e-04 7.261529e-04 7.191335e-04 1.485267e-03 2.188211e-04 3.661026e-04 8.892698e-04 9.024701e-04 7.953620e-04 4.000170e-04 5.018215e-04 4.412479e-04 9.086216e-04 8.524005e-03  9.120669e-03
[46,] 4.936328e-04 6.842885e-04 6.867928e-04 3.643834e-04 8.426012e-04 3.521730e-04 8.555344e-04 8.895955e-04 7.811441e-04 3.879708e-04 4.944418e-04 4.313768e-04 9.078496e-04 7.996543e-03  8.786388e-03
[47,] 5.383223e-04 7.663288e-04 7.462148e-04 3.849249e-04 2.223616e-04 1.267004e-03 9.377910e-04 9.544931e-04 8.320579e-04 4.123579e-04 5.278055e-04 4.601044e-04 9.450743e-04 8.399038e-03  9.515662e-03
[48,] 4.069176e-04 5.768646e-04 5.619777e-04 2.894520e-04 1.672288e-04 2.903193e-04 2.190819e-03 7.637208e-04 6.566921e-04 3.104331e-04 4.099667e-04 3.558901e-04 7.644175e-04 6.102647e-03  7.133233e-03
[49,] 3.727827e-04 5.179359e-04 5.129073e-04 2.591484e-04 1.534048e-04 2.606846e-04 6.737632e-04 1.794695e-03 6.097902e-04 2.832131e-04 3.684784e-04 3.184469e-04 6.934446e-04 5.371304e-03  6.343332e-03
[50,] 3.560297e-04 4.937474e-04 4.798939e-04 2.453918e-04 1.447295e-04 2.441606e-04 6.224635e-04 6.551789e-04 1.737826e-03 2.681242e-04 3.437132e-04 2.982394e-04 6.493870e-04 5.169665e-03  6.075818e-03
[51,] 4.671336e-04 6.377279e-04 6.316100e-04 3.347823e-04 1.949906e-04 3.282352e-04 7.981949e-04 8.254327e-04 7.273188e-04 1.335249e-03 4.665536e-04 4.002379e-04 8.570466e-04 7.589573e-03  8.425441e-03
[52,] 4.815855e-04 6.621090e-04 6.666491e-04 3.657697e-04 2.164234e-04 3.658972e-04 9.180450e-04 9.353082e-04 8.120064e-04 4.063272e-04 1.629201e-03 4.885800e-04 1.033496e-03 7.475479e-03  8.798504e-03
[53,] 3.419818e-04 4.707931e-04 4.769545e-04 2.684797e-04 1.576218e-04 2.662638e-04 6.652757e-04 6.747613e-04 5.881643e-04 2.909799e-04 4.078553e-04 1.175414e-03 7.647243e-04 5.284385e-03  6.079911e-03
[54,] 3.801729e-04 5.131945e-04 5.112471e-04 2.846586e-04 1.707992e-04 2.816009e-04 7.357476e-04 7.565496e-04 6.594012e-04 3.208202e-04 4.442136e-04 3.937471e-04 2.152482e-03 5.975297e-03  6.597715e-03
[55,] 5.740216e-06 4.676619e-06 9.595893e-06 1.919978e-06 1.284988e-06 2.578474e-06 2.801023e-06 1.073170e-05 5.842740e-06 1.835182e-06 6.296342e-07 1.233374e-06 1.120946e-06 2.126245e-05  3.094688e-05
[56,] 0.000000e+00 0.000000e+00 0.000000e+00 0.000000e+00 0.000000e+00 0.000000e+00 0.000000e+00 0.000000e+00 0.000000e+00 0.000000e+00 0.000000e+00 0.000000e+00 0.000000e+00 0.000000e+00  0.000000e+00
[57,] 0.000000e+00 0.000000e+00 0.000000e+00 0.000000e+00 0.000000e+00 0.000000e+00 0.000000e+00 0.000000e+00 0.000000e+00 0.000000e+00 0.000000e+00 0.000000e+00 0.000000e+00 0.000000e+00  0.000000e+00
             [,31]        [,32]         [,33]        [,34]        [,35]        [,36]        [,37]         [,38]        [,39]         [,40]         [,41]        [,42]        [,43]        [,44]        [,45]
 [1,] 0.1400607208 7.197477e-03 -5.347669e-02 1.090695e-01 2.609756e-01 1.025646e-01 3.000174e-01  0.0823271483 2.977009e-01  4.484394e-02 -6.706860e-02 0.0374277996 1.457051e-02 9.489636e-02 1.899523e-01
 [2,] 0.2576710067 2.476644e-02  2.201015e-02 1.972186e-02 5.825252e-02 9.969385e-02 1.200019e-01 -0.0188759448 2.390702e-01 -4.394916e-02  9.935468e-02 0.1509304281 1.061408e-01 8.659662e-02 1.349468e-01
 [3,] 0.0013869226 1.040483e-03  1.018015e-03 1.178071e-03 1.354759e-03 1.051896e-03 1.098971e-03  0.0009414467 1.088010e-03  8.114432e-04  7.845766e-04 0.0005894749 5.819667e-04 5.728071e-04 6.780387e-04
 [4,] 0.0008118727 6.320612e-04  6.077996e-04 7.231780e-04 8.767606e-04 6.207013e-04 7.041289e-04  0.0006446734 6.953751e-04  5.755525e-04  4.976401e-04 0.0004161563 4.437391e-04 4.188428e-04 4.793877e-04
 [5,] 0.0411069955 7.106006e-03  6.719973e-03 7.650920e-03 8.690451e-03 6.660811e-03 7.028198e-03  0.0059181736 6.676652e-03  5.116772e-03  5.336836e-03 0.0040668331 3.863417e-03 3.569802e-03 4.196469e-03
 [6,] 0.0022735732 6.162074e-03  2.030981e-03 2.175724e-03 2.407841e-03 1.816117e-03 1.783317e-03  0.0016645300 1.699030e-03  1.389302e-03  1.447771e-03 0.0011245482 1.116341e-03 1.115098e-03 1.256280e-03
 [7,] 0.0024824158 2.344928e-03  8.493796e-03 2.532291e-03 2.779264e-03 2.111246e-03 2.011794e-03  0.0018738254 1.937166e-03  1.557360e-03  1.632477e-03 0.0012568786 1.262017e-03 1.260267e-03 1.436971e-03
 [8,] 0.0017917769 1.592541e-03  1.605376e-03 7.248050e-03 2.006257e-03 1.477273e-03 1.499911e-03  0.0013705121 1.460188e-03  1.161713e-03  1.135243e-03 0.0009014847 9.154233e-04 8.982229e-04 1.044767e-03
 [9,] 0.0009328185 8.077915e-04  8.075653e-04 9.195408e-04 6.216059e-03 7.970803e-04 8.520734e-04  0.0007841603 8.323526e-04  6.638382e-04  5.883981e-04 0.0004918821 5.132097e-04 5.007824e-04 5.984393e-04
[10,] 0.0006720172 5.726823e-04  5.766140e-04 6.364197e-04 7.492048e-04 2.590321e-03 6.580097e-04  0.0005856957 6.367935e-04  5.200618e-04  4.799586e-04 0.0003870195 3.885917e-04 3.802380e-04 4.555946e-04
[11,] 0.0004110022 3.259458e-04  3.184760e-04 3.745376e-04 4.642183e-04 3.813986e-04 2.476612e-03  0.0003974826 4.608431e-04  3.646529e-04  2.961634e-04 0.0002591536 2.682530e-04 2.597637e-04 3.159024e-04
[12,] 0.0007728034 6.793437e-04  6.623742e-04 7.641769e-04 9.539625e-04 7.580539e-04 8.875633e-04  0.0039767830 9.303930e-04  8.150998e-04  6.238093e-04 0.0005454977 5.919892e-04 5.956180e-04 6.924470e-04
[13,] 0.0004495350 3.575382e-04  3.530730e-04 4.198007e-04 5.221043e-04 4.249620e-04 5.305883e-04  0.0004797223 3.822828e-03  4.493241e-04  3.394896e-04 0.0003048329 3.234787e-04 3.226553e-04 3.913175e-04
[14,] 0.0008513909 7.225138e-04  7.014797e-04 8.253947e-04 1.029059e-03 8.576984e-04 1.037558e-03  0.0010386338 1.110422e-03  4.002251e-03  7.392192e-04 0.0006456238 7.163966e-04 6.842167e-04 8.004193e-04
[15,] 0.0015732103 1.333888e-03  1.302696e-03 1.428965e-03 1.615918e-03 1.402341e-03 1.492912e-03  0.0014082296 1.486362e-03  1.309614e-03  3.656012e-03 0.0009729327 9.961630e-04 9.424924e-04 1.089595e-03
[16,] 0.0005798731 5.011542e-04  4.851354e-04 5.488640e-04 6.534055e-04 5.469608e-04 6.318787e-04  0.0005956460 6.455558e-04  5.532523e-04  4.706050e-04 0.0018254105 4.576827e-04 4.440128e-04 5.165170e-04
[17,] 0.0006895229 6.227172e-04  6.097267e-04 6.976359e-04 8.533303e-04 6.874124e-04 8.186939e-04  0.0008091138 8.574683e-04  7.684184e-04  6.031212e-04 0.0005728818 2.467706e-03 6.258250e-04 7.261529e-04
[18,] 0.0006040047 5.896929e-04  5.772338e-04 6.489483e-04 7.893879e-04 6.376737e-04 7.515789e-04  0.0007717609 8.108309e-04  6.957560e-04  5.409675e-04 0.0005268841 5.932968e-04 2.669322e-03 7.191335e-04
[19,] 0.0002838803 2.656160e-04  2.631431e-04 3.017868e-04 3.771520e-04 3.054755e-04 3.654298e-04  0.0003587206 3.931657e-04  3.254136e-04  2.500421e-04 0.0002450525 2.752340e-04 2.875176e-04 1.485267e-03
[20,] 0.0001582219 1.508068e-04  1.495461e-04 1.728881e-04 2.146799e-04 1.714529e-04 2.050463e-04  0.0002008338 2.195002e-04  1.795341e-04  1.411041e-04 0.0001406401 1.557557e-04 1.648964e-04 2.188211e-04
[21,] 0.0002692001 2.537328e-04  2.481034e-04 2.844797e-04 3.491665e-04 2.893169e-04 3.526242e-04  0.0003480518 3.738911e-04  3.229827e-04  2.469169e-04 0.0002429091 2.762587e-04 2.837564e-04 3.661026e-04
[22,] 0.0006227609 6.357914e-04  6.288708e-04 7.066441e-04 8.351328e-04 6.980267e-04 8.206475e-04  0.0008244631 8.743392e-04  7.532095e-04  6.122169e-04 0.0005931137 6.717456e-04 6.902890e-04 8.892698e-04
[23,] 0.0006619117 6.854478e-04  6.670401e-04 7.321238e-04 8.730993e-04 7.107206e-04 8.151174e-04  0.0008577954 8.633572e-04  7.684049e-04  6.330477e-04 0.0006159062 6.836508e-04 7.141313e-04 9.024701e-04
[24,] 0.0005811005 5.889915e-04  5.756727e-04 6.434506e-04 7.728879e-04 6.382960e-04 7.558913e-04  0.0007575187 7.983222e-04  6.857576e-04  5.584250e-04 0.0005474766 6.065737e-04 6.218777e-04 7.953620e-04
[25,] 0.0003048669 2.987022e-04  2.981309e-04 3.350977e-04 4.166044e-04 3.325411e-04 3.946738e-04  0.0003972458 4.152252e-04  3.508549e-04  2.735909e-04 0.0002648083 2.888187e-04 3.017310e-04 4.000170e-04
[26,] 0.0003268570 3.287446e-04  3.214275e-04 3.709636e-04 4.644594e-04 3.719069e-04 4.436113e-04  0.0004404628 4.806255e-04  3.960456e-04  3.136458e-04 0.0003134653 3.443064e-04 3.656737e-04 5.018215e-04
[27,] 0.0002719931 2.795068e-04  2.726376e-04 3.156658e-04 3.887638e-04 3.155475e-04 3.728904e-04  0.0003726242 4.080323e-04  3.360341e-04  2.677191e-04 0.0002666543 2.932751e-04 3.134029e-04 4.412479e-04
[28,] 0.0006265509 6.517385e-04  6.451076e-04 7.201913e-04 8.519195e-04 6.913823e-04 7.956038e-04  0.0007889177 8.537853e-04  7.015714e-04  5.980132e-04 0.0005757241 6.208900e-04 6.524458e-04 9.086216e-04
[29,] 0.0174357824 1.308049e-02  1.279804e-02 1.481020e-02 1.703144e-02 1.322397e-02 1.381578e-02  0.0118354550 1.367799e-02  1.020111e-02  9.863353e-03 0.0074106205 7.316230e-03 7.201079e-03 8.524005e-03
[30,] 0.0154464174 1.202538e-02  1.156379e-02 1.375894e-02 1.668095e-02 1.180925e-02 1.339652e-02  0.0122653382 1.322997e-02  1.095027e-02  9.467933e-03 0.0079176488 8.442430e-03 7.968762e-03 9.120669e-03
