$par
  ln_H_input   ln_H_input     beta1_ct     beta1_ct     beta1_ct     beta1_ct     beta1_ct     beta1_ct     beta1_ct     beta1_ct     beta1_ct     beta1_ct     beta1_ct     beta1_ct     beta1_ct     beta1_ct 
 -0.08337390   0.11113790  -1.79931509  -0.46544290  -0.73490906  -0.86446464   0.18512964  -0.94967083   0.44299038  -0.88155958  -1.24598439  -0.66236788  -1.07802715  -0.03208021  -0.41491190  -1.29261548 
    beta1_ct     beta1_ct     beta1_ct     beta1_ct     beta1_ct     beta1_ct     beta1_ct     beta1_ct     beta1_ct     beta1_ct     beta1_ct     beta1_ct    lambda1_k    lambda1_k    lambda1_k    lambda1_k 
 -1.62536426  -2.22080653  -1.24823771  -1.21759461  -0.95235391   0.29799012  -0.95546960  -1.39013672  -2.31281513  -0.32750531   0.58688145  -0.55204217  -3.37312258  -4.10662468  -2.18252424  -1.18299916 
   lambda1_k    lambda1_k   L_omega1_z L_epsilon1_z    logkappa1     beta2_ct     beta2_ct     beta2_ct     beta2_ct     beta2_ct     beta2_ct     beta2_ct     beta2_ct     beta2_ct     beta2_ct     beta2_ct 
 -0.80760694  -0.06649504  -3.28718745   0.98161086  -4.41584898   1.37065803   1.84934371   2.14279566   2.17865455   2.16794248   1.92055930   1.86969393   1.53571632   1.44529442   1.72239229   2.03889641 
    beta2_ct     beta2_ct     beta2_ct     beta2_ct     beta2_ct     beta2_ct     beta2_ct     beta2_ct     beta2_ct     beta2_ct     beta2_ct     beta2_ct     beta2_ct     beta2_ct     beta2_ct    lambda2_k 
  1.94655972   2.16211929   1.94206272   1.75091681   1.61674818   1.30513495   1.61846008   1.82993779   2.05287613   1.74232550   1.50023069   1.12674265   1.93662796   2.31745367   1.83385526  -1.11820675 
   lambda2_k    lambda2_k    lambda2_k    lambda2_k    lambda2_k   L_omega2_z L_epsilon2_z    logkappa2    logSigmaM 
 -1.45049538  -0.73966035  -0.77929029  -0.41510492  -0.87297815  -1.46032669   0.76621635  -3.65095673   0.03351392 

$objective
[1] 7126.603

$convergence
[1] 0

$iterations
[1] 6

$evaluations
function gradient 
      12        6 

$message
[1] "relative convergence (4)"

$run_time
Time difference of 4.78628 mins

$number_of_coefficients
 Total  Fixed Random 
 14437     73  14364 

$AIC
[1] 14399.21

$diagnostics
          Param starting_value Lower         MLE Upper final_gradient
1    ln_H_input      0.0000000   -50 -0.08337390    50  -1.725864e-04
2    ln_H_input      0.0000000   -50  0.11113790    50   1.325432e-04
3      beta1_ct     -5.5157467   -50 -1.79931509    50   1.659662e-05
4      beta1_ct     -5.5157467   -50 -0.46544290    50  -1.233743e-05
5      beta1_ct     -5.5157467   -50 -0.73490906    50  -1.195860e-05
6      beta1_ct     -5.5157467   -50 -0.86446464    50   1.566284e-06
7      beta1_ct     -5.5157467   -50  0.18512964    50  -1.414853e-05
8      beta1_ct     -5.5157467   -50 -0.94967083    50  -9.911456e-06
9      beta1_ct     -5.5157467   -50  0.44299038    50   3.632306e-06
10     beta1_ct     -5.5157467   -50 -0.88155958    50  -6.018032e-06
11     beta1_ct     -5.5157467   -50 -1.24598439    50  -3.737534e-06
12     beta1_ct     -5.5157467   -50 -0.66236788    50   1.066805e-06
13     beta1_ct     -5.5157467   -50 -1.07802715    50  -2.360608e-06
14     beta1_ct     -5.5157467   -50 -0.03208021    50   1.011520e-05
15     beta1_ct     -5.5157467   -50 -0.41491190    50  -6.735202e-06
16     beta1_ct     -5.5157467   -50 -1.29261548    50   6.318068e-06
17     beta1_ct     -5.5157467   -50 -1.62536426    50   1.121857e-05
18     beta1_ct     -5.5157467   -50 -2.22080653    50   2.170018e-05
19     beta1_ct     -5.5157467   -50 -1.24823771    50  -1.669255e-06
20     beta1_ct     -5.5157467   -50 -1.21759461    50   1.216271e-06
21     beta1_ct     -5.5157467   -50 -0.95235391    50   1.924688e-06
22     beta1_ct     -5.5157467   -50  0.29799012    50  -2.485122e-05
23     beta1_ct     -5.5157467   -50 -0.95546960    50   2.994616e-06
24     beta1_ct     -5.5157467   -50 -1.39013672    50   6.141210e-06
25     beta1_ct     -5.5157467   -50 -2.31281513    50   1.391977e-06
26     beta1_ct     -5.5157467   -50 -0.32750531    50  -2.995353e-06
27     beta1_ct     -5.5157467   -50  0.58688145    50   1.705272e-06
28     beta1_ct     -5.5157467   -50 -0.55204217    50   7.316324e-06
29    lambda1_k      0.0000000   -50 -3.37312258    50   3.752609e-05
30    lambda1_k      0.0000000   -50 -4.10662468    50  -1.752258e-05
31    lambda1_k      0.0000000   -50 -2.18252424    50   5.835283e-05
32    lambda1_k      0.0000000   -50 -1.18299916    50  -2.492272e-06
33    lambda1_k      0.0000000   -50 -0.80760694    50  -3.827866e-05
34    lambda1_k      0.0000000   -50 -0.06649504    50  -3.734819e-05
35   L_omega1_z     -0.1092000   -50 -3.28718745    50  -5.071370e-05
36 L_epsilon1_z      1.1738641   -50  0.98161086    50  -6.900484e-05
37    logkappa1     -0.1053605   -50 -4.41584898    50   1.169858e-04
38     beta2_ct      4.1167077   -50  1.37065803    50  -5.491287e-05
39     beta2_ct      4.1167077   -50  1.84934371    50  -1.028887e-04
40     beta2_ct      4.1167077   -50  2.14279566    50   1.214451e-04
41     beta2_ct      4.1167077   -50  2.17865455    50   1.355394e-05
42     beta2_ct      4.1167077   -50  2.16794248    50  -1.507869e-05
43     beta2_ct      4.1167077   -50  1.92055930    50  -6.189083e-06
44     beta2_ct      4.1167077   -50  1.86969393    50   1.051122e-04
45     beta2_ct      4.1167077   -50  1.53571632    50   6.751906e-05
46     beta2_ct      4.1167077   -50  1.44529442    50  -2.434025e-05
47     beta2_ct      4.1167077   -50  1.72239229    50   8.599701e-05
48     beta2_ct      4.1167077   -50  2.03889641    50  -5.357638e-05
49     beta2_ct      4.1167077   -50  1.94655972    50   3.495216e-05
50     beta2_ct      4.1167077   -50  2.16211929    50   2.705090e-04
51     beta2_ct      4.1167077   -50  1.94206272    50  -2.932382e-04
52     beta2_ct      4.1167077   -50  1.75091681    50  -2.228064e-04
53     beta2_ct      4.1167077   -50  1.61674818    50  -5.261498e-06
54     beta2_ct      4.1167077   -50  1.30513495    50   1.281846e-04
55     beta2_ct      4.1167077   -50  1.61846008    50   1.533168e-05
56     beta2_ct      4.1167077   -50  1.82993779    50  -4.450810e-05
57     beta2_ct      4.1167077   -50  2.05287613    50   1.061700e-05
58     beta2_ct      4.1167077   -50  1.74232550    50  -2.893173e-04
59     beta2_ct      4.1167077   -50  1.50023069    50   1.897161e-04
60     beta2_ct      4.1167077   -50  1.12674265    50  -7.787416e-05
61     beta2_ct      4.1167077   -50  1.93662796    50   2.361815e-05
62     beta2_ct      4.1167077   -50  2.31745367    50  -4.019494e-05
63     beta2_ct      4.1167077   -50  1.83385526    50   1.758946e-04
64    lambda2_k      0.0000000   -50 -1.11820675    50   8.925675e-05
65    lambda2_k      0.0000000   -50 -1.45049538    50   3.231830e-05
66    lambda2_k      0.0000000   -50 -0.73966035    50   5.461285e-05
67    lambda2_k      0.0000000   -50 -0.77929029    50   8.008557e-05
68    lambda2_k      0.0000000   -50 -0.41510492    50  -4.915502e-05
69    lambda2_k      0.0000000   -50 -0.87297815    50   7.244983e-06
70   L_omega2_z     -0.5504040   -50 -1.46032669    50  -4.506441e-05
71 L_epsilon2_z      0.1340078   -50  0.76621635    50  -3.608052e-04
72    logkappa2     -0.1053605   -50 -3.65095673    50   1.413694e-05
73    logSigmaM      1.6094379   -50  0.03351392    10  -2.294910e-03

$SD
$SD$value
  Range_raw1   Range_raw2    Index_cyl    Index_cyl    Index_cyl    Index_cyl    Index_cyl    Index_cyl    Index_cyl    Index_cyl    Index_cyl    Index_cyl    Index_cyl    Index_cyl    Index_cyl    Index_cyl 
  234.058189   108.926953  6483.135972  8285.117025 12753.913807 17080.187743 20786.027393 11208.817622  9563.777501  9627.225464  7961.367310 14133.863272 13045.324467  8016.836471 10145.983076  8364.914920 
   Index_cyl    Index_cyl    Index_cyl    Index_cyl    Index_cyl    Index_cyl    Index_cyl    Index_cyl    Index_cyl    Index_cyl    Index_cyl    Index_cyl ln_Index_cyl ln_Index_cyl ln_Index_cyl ln_Index_cyl 
10298.732826  9094.181503  6496.493218 11505.047727 15616.235435 14536.983206  8545.202810  7065.296318  4127.495704 10774.673975 11724.766814  9440.514323     8.776960     9.022216     9.453593     9.745674 
ln_Index_cyl ln_Index_cyl ln_Index_cyl ln_Index_cyl ln_Index_cyl ln_Index_cyl ln_Index_cyl ln_Index_cyl ln_Index_cyl ln_Index_cyl ln_Index_cyl ln_Index_cyl ln_Index_cyl ln_Index_cyl ln_Index_cyl ln_Index_cyl 
    9.942036     9.324456     9.165738     9.172350     8.982356     9.556329     9.476185     8.989299     9.224833     9.031801     9.239776     9.115390     8.779018     9.350541     9.656066     9.584451 
ln_Index_cyl ln_Index_cyl ln_Index_cyl ln_Index_cyl ln_Index_cyl ln_Index_cyl       SigmaM       SigmaM       SigmaM 
    9.053125     8.862950     8.325426     9.284954     9.369459     9.152766     1.034082     2.000000     5.000000 

$SD$sd
 [1] 2.881613e+01 9.873677e+00 2.138119e+03 1.941923e+03 3.302742e+03 3.262222e+03 4.282113e+03 2.711420e+03 2.199500e+03 1.809403e+03 1.503619e+03 3.100683e+03 3.282274e+03 1.813524e+03 2.310321e+03 1.480043e+03
[17] 1.605494e+03 1.635579e+03 1.045128e+03 1.925893e+03 2.606480e+03 2.484092e+03 1.301959e+03 9.986598e+02 6.737966e+02 1.615880e+03 1.705795e+03 1.550876e+03 3.297971e-01 2.343869e-01 2.589591e-01 1.909945e-01
[33] 2.060092e-01 2.419006e-01 2.299823e-01 1.879465e-01 1.888644e-01 2.193797e-01 2.516054e-01 2.262144e-01 2.277080e-01 1.769346e-01 1.558924e-01 1.798490e-01 1.608757e-01 1.673955e-01 1.669084e-01 1.708809e-01
[49] 1.523614e-01 1.413472e-01 1.632459e-01 1.499702e-01 1.454864e-01 1.642787e-01 1.531806e-02 0.000000e+00 0.000000e+00

$SD$cov
               [,1]         [,2]         [,3]         [,4]          [,5]          [,6]         [,7]         [,8]          [,9]         [,10]         [,11]        [,12]        [,13]         [,14]         [,15]
 [1,]  8.303692e+02 9.344056e-01 5.256300e+01 1.264255e+02 -1.178507e+02 -8.345183e+01 1.325792e+02 1.366428e+02 -8.392147e+01  1.454181e+01 -1.198488e+02 2.351279e+02 1.657258e+02 -1.818617e+02 -2.200500e+02
 [2,]  9.344056e-01 9.748949e+01 5.628739e+01 1.343728e+03  1.739895e+03  3.025199e+02 3.183020e+03 1.844011e+03  2.219585e+03  5.876745e+02  7.466786e+02 3.481368e+03 3.048153e+03  9.141330e+02  1.781155e+03
 [3,]  5.256300e+01 5.628739e+01 4.571554e+06 9.028716e+05  1.395798e+06  1.904152e+06 2.466648e+06 1.192111e+06  1.020593e+06  1.017607e+06  7.911280e+05 1.323763e+06 1.264438e+06  6.833459e+05  9.447573e+05
 [4,]  1.264255e+02 1.343728e+03 9.028716e+05 3.771063e+06  1.775625e+06  2.236152e+06 2.888763e+06 1.530626e+06  1.349994e+06  1.201277e+06  9.600688e+05 1.647361e+06 1.679400e+06  8.934698e+05  1.267523e+06
 [5,] -1.178507e+02 1.739895e+03 1.395798e+06 1.775625e+06  1.090810e+07  3.497938e+06 4.526441e+06 2.358164e+06  2.057397e+06  1.892635e+06  1.509173e+06 2.573224e+06 2.572873e+06  1.372410e+06  1.929685e+06
 [6,] -8.345183e+01 3.025199e+02 1.904152e+06 2.236152e+06  3.497938e+06  1.064209e+07 7.226974e+06 3.155203e+06  2.668909e+06  2.942413e+06  2.219053e+06 3.600218e+06 3.201960e+06  1.742798e+06  2.415076e+06
 [7,]  1.325792e+02 3.183020e+03 2.466648e+06 2.888763e+06  4.526441e+06  7.226974e+06 1.833649e+07 4.062217e+06  3.511198e+06  3.836248e+06  2.917250e+06 4.853913e+06 4.239203e+06  2.289462e+06  3.140210e+06
 [8,]  1.366428e+02 1.844011e+03 1.192111e+06 1.530626e+06  2.358164e+06  3.155203e+06 4.062217e+06 7.351799e+06  1.812553e+06  1.723032e+06  1.366782e+06 2.228072e+06 2.235202e+06  1.185850e+06  1.691242e+06
 [9,] -8.392147e+01 2.219585e+03 1.020593e+06 1.349994e+06  2.057397e+06  2.668909e+06 3.511198e+06 1.812553e+06  4.837798e+06  1.448225e+06  1.142606e+06 1.978448e+06 1.963143e+06  1.029042e+06  1.476940e+06
[10,]  1.454181e+01 5.876745e+02 1.017607e+06 1.201277e+06  1.892635e+06  2.942413e+06 3.836248e+06 1.723032e+06  1.448225e+06  3.273940e+06  1.210961e+06 1.975041e+06 1.755974e+06  9.586869e+05  1.337905e+06
[11,] -1.198488e+02 7.466786e+02 7.911280e+05 9.600688e+05  1.509173e+06  2.219053e+06 2.917250e+06 1.366782e+06  1.142606e+06  1.210961e+06  2.260871e+06 1.576252e+06 1.440004e+06  8.040526e+05  1.098567e+06
[12,]  2.351279e+02 3.481368e+03 1.323763e+06 1.647361e+06  2.573224e+06  3.600218e+06 4.853913e+06 2.228072e+06  1.978448e+06  1.975041e+06  1.576252e+06 9.614235e+06 2.595793e+06  1.435280e+06  1.885431e+06
[13,]  1.657258e+02 3.048153e+03 1.264438e+06 1.679400e+06  2.572873e+06  3.201960e+06 4.239203e+06 2.235202e+06  1.963143e+06  1.755974e+06  1.440004e+06 2.595793e+06 1.077332e+07  1.402277e+06  1.908570e+06
[14,] -1.818617e+02 9.141330e+02 6.833459e+05 8.934698e+05  1.372410e+06  1.742798e+06 2.289462e+06 1.185850e+06  1.029042e+06  9.586869e+05  8.040526e+05 1.435280e+06 1.402277e+06  3.288870e+06  1.071421e+06
[15,] -2.200500e+02 1.781155e+03 9.447573e+05 1.267523e+06  1.929685e+06  2.415076e+06 3.140210e+06 1.691242e+06  1.476940e+06  1.337905e+06  1.098567e+06 1.885431e+06 1.908570e+06  1.071421e+06  5.337585e+06
[16,]  1.401539e+02 1.016952e+03 5.908803e+05 7.910347e+05  1.185026e+06  1.558437e+06 2.023653e+06 1.032787e+06  9.110566e+05  8.399823e+05  6.761304e+05 1.164434e+06 1.155081e+06  6.530998e+05  9.121378e+05
[17,] -6.467163e+01 1.598425e+03 7.089038e+05 8.621077e+05  1.350562e+06  1.977405e+06 2.668270e+06 1.188570e+06  1.030439e+06  1.075127e+06  8.533388e+05 1.451100e+06 1.330385e+06  7.395936e+05  9.876538e+05
[18,]  1.203647e+02 6.785994e+02 6.936595e+05 8.059644e+05  1.270237e+06  2.015230e+06 2.679735e+06 1.166585e+06  9.743348e+05  1.091842e+06  8.435723e+05 1.402725e+06 1.255851e+06  6.919866e+05  9.399465e+05
[19,] -4.812234e+00 9.344157e+02 3.633947e+05 4.256360e+05  6.748021e+05  1.002925e+06 1.412639e+06 5.930444e+05  5.170468e+05  5.407132e+05  4.319617e+05 7.553281e+05 6.813098e+05  3.741897e+05  4.944392e+05
[20,]  9.218918e+01 1.125057e+03 8.255269e+05 9.684735e+05  1.527485e+06  2.347566e+06 3.177952e+06 1.372908e+06  1.170159e+06  1.272869e+06  9.984886e+05 1.694572e+06 1.506734e+06  8.252006e+05  1.114025e+06
[21,]  6.521452e+01 1.599798e+03 1.214034e+06 1.409202e+06  2.234438e+06  3.490880e+06 4.704277e+06 1.989161e+06  1.696946e+06  1.889747e+06  1.468726e+06 2.499522e+06 2.186761e+06  1.209477e+06  1.607647e+06
[22,]  8.375261e+01 1.971711e+03 9.083181e+05 1.091801e+06  1.706894e+06  2.588073e+06 3.594294e+06 1.507163e+06  1.322159e+06  1.378101e+06  1.089932e+06 1.905668e+06 1.718391e+06  9.524542e+05  1.276091e+06
[23,]  8.177962e+01 6.918724e+02 5.054639e+05 6.080940e+05  9.516378e+05  1.421364e+06 1.913038e+06 8.362195e+05  7.330437e+05  7.708633e+05  6.010663e+05 1.019609e+06 9.271541e+05  5.131807e+05  7.092012e+05
[24,]  3.278789e+01 4.409598e+02 3.998351e+05 4.745963e+05  7.436224e+05  1.124612e+06 1.486423e+06 6.727249e+05  5.694626e+05  6.154649e+05  4.826099e+05 8.040228e+05 7.159805e+05  4.099526e+05  5.633798e+05
[25,]  7.851890e+00 2.368469e+02 2.472303e+05 2.908175e+05  4.545046e+05  6.991947e+05 9.259425e+05 4.102814e+05  3.488894e+05  3.822960e+05  2.962849e+05 4.917999e+05 4.337104e+05  2.450540e+05  3.383786e+05
[26,] -1.001962e+02 6.866631e+02 7.165986e+05 8.416374e+05  1.326769e+06  2.083927e+06 2.759453e+06 1.167725e+06  1.008025e+06  1.124612e+06  8.689334e+05 1.434317e+06 1.237569e+06  7.053620e+05  9.698889e+05
[27,] -6.090818e+01 4.238430e+02 6.989703e+05 8.529819e+05  1.321133e+06  2.050659e+06 2.679056e+06 1.201053e+06  1.009245e+06  1.118370e+06  8.613731e+05 1.388384e+06 1.269094e+06  7.154475e+05  1.010222e+06
[28,]  1.989303e+01 4.181487e+02 6.899262e+05 8.083198e+05  1.265054e+06  2.040154e+06 2.647318e+06 1.157545e+06  9.565499e+05  1.097668e+06  8.339417e+05 1.364813e+06 1.215595e+06  6.939162e+05  9.354772e+05
[29,]  8.107650e-03 8.682124e-03 7.051454e+02 1.392646e+02  2.152967e+02  2.937085e+02 3.804714e+02 1.838787e+02  1.574228e+02  1.569621e+02  1.220286e+02 2.041856e+02 1.950349e+02  1.054036e+02  1.457254e+02
[30,]  1.525935e-02 1.621857e-01 1.089751e+02 4.551611e+02  2.143150e+02  2.698999e+02 3.486689e+02 1.847441e+02  1.629420e+02  1.449922e+02  1.158787e+02 1.988337e+02 2.027009e+02  1.078403e+02  1.529880e+02
[31,] -9.240355e-03 1.364204e-01 1.094407e+02 1.392220e+02  8.552749e+02  2.742639e+02 3.549061e+02 1.848973e+02  1.613149e+02  1.483964e+02  1.183302e+02 2.017596e+02 2.017320e+02  1.076069e+02  1.513014e+02
[32,] -4.885885e-03 1.771175e-02 1.114831e+02 1.309208e+02  2.047951e+02  6.230666e+02 4.231203e+02 1.847288e+02  1.562576e+02  1.722705e+02  1.299197e+02 2.107833e+02 1.874663e+02  1.020362e+02  1.413963e+02
[33,]  6.378283e-03 1.531327e-01 1.186686e+02 1.389762e+02  2.177637e+02  3.476842e+02 8.821545e+02 1.954302e+02  1.689211e+02  1.845590e+02  1.403467e+02 2.335181e+02 2.039449e+02  1.101443e+02  1.510731e+02
[34,]  1.219065e-02 1.645143e-01 1.063547e+02 1.365555e+02  2.103847e+02  2.814930e+02 3.624126e+02 6.558942e+02  1.617078e+02  1.537211e+02  1.219381e+02 1.987785e+02 1.994146e+02  1.057962e+02  1.508850e+02
[35,] -8.774930e-03 2.320825e-01 1.067145e+02 1.411569e+02  2.151239e+02  2.790643e+02 3.671350e+02 1.895227e+02  5.058460e+02  1.514282e+02  1.194722e+02 2.068689e+02 2.052686e+02  1.075978e+02  1.544306e+02
[36,]  1.510488e-03 6.104298e-02 1.057010e+02 1.247792e+02  1.965919e+02  3.056345e+02 3.984791e+02 1.789750e+02  1.504302e+02  3.400709e+02  1.257851e+02 2.051516e+02 1.823966e+02  9.958080e+01  1.389710e+02
[37,] -1.505380e-02 9.378774e-02 9.937087e+01 1.205909e+02  1.895620e+02  2.787277e+02 3.664257e+02 1.716768e+02  1.435188e+02  1.521047e+02  2.839802e+02 1.979876e+02 1.808740e+02  1.009943e+02  1.379873e+02
[38,]  1.663578e-02 2.463140e-01 9.365895e+01 1.165542e+02  1.820609e+02  2.547228e+02 3.434244e+02 1.576407e+02  1.399793e+02  1.397382e+02  1.115231e+02 6.802270e+02 1.836577e+02  1.015490e+02  1.333981e+02
[39,]  1.270385e-02 2.336587e-01 9.692651e+01 1.287358e+02  1.972257e+02  2.454488e+02 3.249596e+02 1.713413e+02  1.504863e+02  1.346056e+02  1.103847e+02 1.989826e+02 8.258376e+02  1.074927e+02  1.463030e+02
[40,] -2.268497e-02 1.140266e-01 8.523884e+01 1.114492e+02  1.711909e+02  2.173923e+02 2.855818e+02 1.479199e+02  1.283601e+02  1.195842e+02  1.002955e+02 1.790332e+02 1.749166e+02  4.102453e+02  1.336463e+02
[41,] -2.168839e-02 1.755527e-01 9.311639e+01 1.249286e+02  1.901920e+02  2.380327e+02 3.095028e+02 1.666908e+02  1.455689e+02  1.318655e+02  1.082761e+02 1.858303e+02 1.881109e+02  1.056005e+02  5.260786e+02
[42,]  1.675497e-02 1.215735e-01 7.063793e+01 9.456578e+01  1.416663e+02  1.863064e+02 2.419215e+02 1.234665e+02  1.089140e+02  1.004173e+02  8.082932e+01 1.392045e+02 1.380864e+02  7.807608e+01  1.090433e+02
[43,] -6.279571e-03 1.552060e-01 6.883408e+01 8.371008e+01  1.311387e+02  1.920047e+02 2.590872e+02 1.154093e+02  1.000549e+02  1.043941e+02  8.285862e+01 1.409008e+02 1.291795e+02  7.181404e+01  9.590051e+01
[44,]  1.323536e-02 7.461907e-02 7.627509e+01 8.862419e+01  1.396758e+02  2.215955e+02 2.946648e+02 1.282782e+02  1.071383e+02  1.200594e+02  9.275956e+01 1.542443e+02 1.380939e+02  7.609114e+01  1.033569e+02
[45,] -7.407433e-04 1.438339e-01 5.593705e+01 6.551780e+01  1.038717e+02  1.543795e+02 2.174464e+02 9.128686e+01  7.958860e+01  8.323154e+01  6.649153e+01 1.162671e+02 1.048735e+02  5.759872e+01  7.610864e+01
[46,]  8.012933e-03 9.778808e-02 7.175345e+01 8.417814e+01  1.327665e+02  2.040466e+02 2.762224e+02 1.193309e+02  1.017083e+02  1.106357e+02  8.678700e+01 1.472895e+02 1.309628e+02  7.172509e+01  9.682924e+01
[47,]  4.176072e-03 1.024446e-01 7.774181e+01 9.023954e+01  1.430843e+02  2.235417e+02 3.012427e+02 1.273778e+02  1.086655e+02  1.210117e+02  9.405124e+01 1.600592e+02 1.400312e+02  7.744999e+01  1.029472e+02
[48,]  5.761347e-03 1.356341e-01 6.248326e+01 7.510505e+01  1.174173e+02  1.780337e+02 2.472517e+02 1.036779e+02  9.095143e+01  9.479968e+01  7.497649e+01 1.310910e+02 1.182083e+02  6.551938e+01  8.778239e+01
[49,]  9.570238e-03 8.096618e-02 5.915177e+01 7.116203e+01  1.113651e+02  1.663347e+02 2.238728e+02 9.785836e+01  8.578424e+01  9.021006e+01  7.033962e+01 1.193195e+02 1.085000e+02  6.005483e+01  8.299408e+01
[50,]  4.640696e-03 6.241207e-02 5.659141e+01 6.717288e+01  1.052500e+02  1.591741e+02 2.103837e+02 9.521539e+01  8.059996e+01  8.711099e+01  6.830709e+01 1.137989e+02 1.013376e+02  5.802341e+01  7.973902e+01
[51,]  1.902338e-03 5.738271e-02 5.989837e+01 7.045859e+01  1.101163e+02  1.693993e+02 2.243352e+02 9.940202e+01  8.452810e+01  9.262179e+01  7.178322e+01 1.191521e+02 1.050783e+02  5.937111e+01  8.198159e+01
[52,] -9.299233e-03 6.372936e-02 6.650768e+01 7.811256e+01  1.231377e+02  1.934098e+02 2.561054e+02 1.083768e+02  9.355505e+01  1.043755e+02  8.064591e+01 1.331193e+02 1.148591e+02  6.546481e+01  9.001561e+01
[53,] -5.194831e-03 3.614938e-02 5.961486e+01 7.275043e+01  1.126788e+02  1.748998e+02 2.284955e+02 1.024372e+02  8.607803e+01  9.538528e+01  7.346612e+01 1.184147e+02 1.082405e+02  6.102019e+01  8.616137e+01
[54,]  2.107197e-03 4.429300e-02 7.308142e+01 8.562243e+01  1.340026e+02  2.161062e+02 2.804210e+02 1.226146e+02  1.013239e+02  1.162720e+02  8.833647e+01 1.445697e+02 1.287636e+02  7.350407e+01  9.909177e+01
[55,] -1.321134e-03 4.398249e-02 4.716649e-01 1.184823e+00  9.969188e-01 -8.926462e-01 2.902234e-01 1.950048e-01  1.071082e+00 -4.916097e-01 -2.095169e-02 9.811661e-01 9.786476e-01  1.184089e+00  1.227863e+00
[56,]  0.000000e+00 0.000000e+00 0.000000e+00 0.000000e+00  0.000000e+00  0.000000e+00 0.000000e+00 0.000000e+00  0.000000e+00  0.000000e+00  0.000000e+00 0.000000e+00 0.000000e+00  0.000000e+00  0.000000e+00
[57,]  0.000000e+00 0.000000e+00 0.000000e+00 0.000000e+00  0.000000e+00  0.000000e+00 0.000000e+00 0.000000e+00  0.000000e+00  0.000000e+00  0.000000e+00 0.000000e+00 0.000000e+00  0.000000e+00  0.000000e+00
             [,16]         [,17]         [,18]         [,19]         [,20]         [,21]        [,22]        [,23]         [,24]         [,25]         [,26]         [,27]         [,28]        [,29]        [,30]
 [1,] 1.401539e+02 -6.467163e+01  1.203647e+02 -4.812234e+00  9.218918e+01  6.521452e+01 8.375261e+01 8.177962e+01  3.278789e+01  7.851890e+00 -1.001962e+02 -6.090818e+01  1.989303e+01 8.107650e-03 1.525935e-02
 [2,] 1.016952e+03  1.598425e+03  6.785994e+02  9.344157e+02  1.125057e+03  1.599798e+03 1.971711e+03 6.918724e+02  4.409598e+02  2.368469e+02  6.866631e+02  4.238430e+02  4.181487e+02 8.682124e-03 1.621857e-01
 [3,] 5.908803e+05  7.089038e+05  6.936595e+05  3.633947e+05  8.255269e+05  1.214034e+06 9.083181e+05 5.054639e+05  3.998351e+05  2.472303e+05  7.165986e+05  6.989703e+05  6.899262e+05 7.051454e+02 1.089751e+02
 [4,] 7.910347e+05  8.621077e+05  8.059644e+05  4.256360e+05  9.684735e+05  1.409202e+06 1.091801e+06 6.080940e+05  4.745963e+05  2.908175e+05  8.416374e+05  8.529819e+05  8.083198e+05 1.392646e+02 4.551611e+02
 [5,] 1.185026e+06  1.350562e+06  1.270237e+06  6.748021e+05  1.527485e+06  2.234438e+06 1.706894e+06 9.516378e+05  7.436224e+05  4.545046e+05  1.326769e+06  1.321133e+06  1.265054e+06 2.152967e+02 2.143150e+02
 [6,] 1.558437e+06  1.977405e+06  2.015230e+06  1.002925e+06  2.347566e+06  3.490880e+06 2.588073e+06 1.421364e+06  1.124612e+06  6.991947e+05  2.083927e+06  2.050659e+06  2.040154e+06 2.937085e+02 2.698999e+02
 [7,] 2.023653e+06  2.668270e+06  2.679735e+06  1.412639e+06  3.177952e+06  4.704277e+06 3.594294e+06 1.913038e+06  1.486423e+06  9.259425e+05  2.759453e+06  2.679056e+06  2.647318e+06 3.804714e+02 3.486689e+02
 [8,] 1.032787e+06  1.188570e+06  1.166585e+06  5.930444e+05  1.372908e+06  1.989161e+06 1.507163e+06 8.362195e+05  6.727249e+05  4.102814e+05  1.167725e+06  1.201053e+06  1.157545e+06 1.838787e+02 1.847441e+02
 [9,] 9.110566e+05  1.030439e+06  9.743348e+05  5.170468e+05  1.170159e+06  1.696946e+06 1.322159e+06 7.330437e+05  5.694626e+05  3.488894e+05  1.008025e+06  1.009245e+06  9.565499e+05 1.574228e+02 1.629420e+02
[10,] 8.399823e+05  1.075127e+06  1.091842e+06  5.407132e+05  1.272869e+06  1.889747e+06 1.378101e+06 7.708633e+05  6.154649e+05  3.822960e+05  1.124612e+06  1.118370e+06  1.097668e+06 1.569621e+02 1.449922e+02
[11,] 6.761304e+05  8.533388e+05  8.435723e+05  4.319617e+05  9.984886e+05  1.468726e+06 1.089932e+06 6.010663e+05  4.826099e+05  2.962849e+05  8.689334e+05  8.613731e+05  8.339417e+05 1.220286e+02 1.158787e+02
[12,] 1.164434e+06  1.451100e+06  1.402725e+06  7.553281e+05  1.694572e+06  2.499522e+06 1.905668e+06 1.019609e+06  8.040228e+05  4.917999e+05  1.434317e+06  1.388384e+06  1.364813e+06 2.041856e+02 1.988337e+02
[13,] 1.155081e+06  1.330385e+06  1.255851e+06  6.813098e+05  1.506734e+06  2.186761e+06 1.718391e+06 9.271541e+05  7.159805e+05  4.337104e+05  1.237569e+06  1.269094e+06  1.215595e+06 1.950349e+02 2.027009e+02
[14,] 6.530998e+05  7.395936e+05  6.919866e+05  3.741897e+05  8.252006e+05  1.209477e+06 9.524542e+05 5.131807e+05  4.099526e+05  2.450540e+05  7.053620e+05  7.154475e+05  6.939162e+05 1.054036e+02 1.078403e+02
[15,] 9.121378e+05  9.876538e+05  9.399465e+05  4.944392e+05  1.114025e+06  1.607647e+06 1.276091e+06 7.092012e+05  5.633798e+05  3.383786e+05  9.698889e+05  1.010222e+06  9.354772e+05 1.457254e+02 1.529880e+02
[16,] 2.190527e+06  6.450640e+05  6.070451e+05  3.163677e+05  7.206620e+05  1.042524e+06 8.496020e+05 4.704617e+05  3.644919e+05  2.153195e+05  6.129807e+05  6.307439e+05  5.992018e+05 9.114113e+01 9.547659e+01
[17,] 6.450640e+05  2.577610e+06  8.415761e+05  4.319921e+05  9.862223e+05  1.437754e+06 1.097382e+06 6.195471e+05  4.659873e+05  2.708559e+05  7.954381e+05  7.850488e+05  7.710355e+05 1.093458e+02 1.040550e+02
[18,] 6.070451e+05  8.415761e+05  2.675119e+06  4.321663e+05  1.004851e+06  1.458024e+06 1.121172e+06 6.279536e+05  4.762447e+05  2.807236e+05  8.177094e+05  8.306861e+05  8.147992e+05 1.069944e+02 9.727858e+01
[19,] 3.163677e+05  4.319921e+05  4.321663e+05  1.092293e+06  5.197777e+05  7.620873e+05 6.261295e+05 3.256268e+05  2.448619e+05  1.446157e+05  4.343865e+05  4.367078e+05  4.255605e+05 5.605230e+01 5.137356e+01
[20,] 7.206620e+05  9.862223e+05  1.004851e+06  5.197777e+05  3.709065e+06  1.771014e+06 1.330708e+06 7.451182e+05  5.593934e+05  3.315744e+05  9.694824e+05  9.689719e+05  9.656300e+05 1.273345e+02 1.168932e+02
[21,] 1.042524e+06  1.437754e+06  1.458024e+06  7.620873e+05  1.771014e+06  6.793740e+06 1.941017e+06 1.070344e+06  8.101924e+05  4.859725e+05  1.436894e+06  1.427673e+06  1.425489e+06 1.872604e+02 1.700884e+02
[22,] 8.496020e+05  1.097382e+06  1.121172e+06  6.261295e+05  1.330708e+06  1.941017e+06 6.170714e+06 8.407353e+05  6.275758e+05  3.747801e+05  1.097227e+06  1.104723e+06  1.088086e+06 1.401047e+02 1.317786e+02
[23,] 4.704617e+05  6.195471e+05  6.279536e+05  3.256268e+05  7.451182e+05  1.070344e+06 8.407353e+05 1.695098e+06  3.541164e+05  2.062629e+05  6.189765e+05  6.494698e+05  6.069078e+05 7.796596e+01 7.339594e+01
[24,] 3.644919e+05  4.659873e+05  4.762447e+05  2.448619e+05  5.593934e+05  8.101924e+05 6.275758e+05 3.541164e+05  9.973214e+05  1.642349e+05  4.830859e+05  5.003547e+05  4.711203e+05 6.167310e+01 5.728299e+01
[25,] 2.153195e+05  2.708559e+05  2.807236e+05  1.446157e+05  3.315744e+05  4.859725e+05 3.747801e+05 2.062629e+05  1.642349e+05  4.540018e+05  2.969904e+05  3.014901e+05  2.893560e+05 3.813436e+01 3.510119e+01
[26,] 6.129807e+05  7.954381e+05  8.177094e+05  4.343865e+05  9.694824e+05  1.436894e+06 1.097227e+06 6.189765e+05  4.830859e+05  2.969904e+05  2.611068e+06  9.694579e+05  8.800238e+05 1.105327e+02 1.015842e+02
[27,] 6.307439e+05  7.850488e+05  8.306861e+05  4.367078e+05  9.689719e+05  1.427673e+06 1.104723e+06 6.494698e+05  5.003547e+05  3.014901e+05  9.694579e+05  2.909735e+06  1.010523e+06 1.078136e+02 1.029535e+02
[28,] 5.992018e+05  7.710355e+05  8.147992e+05  4.255605e+05  9.656300e+05  1.425489e+06 1.088086e+06 6.069078e+05  4.711203e+05  2.893560e+05  8.800238e+05  1.010523e+06  2.405215e+06 1.064186e+02 9.756287e+01
[29,] 9.114113e+01  1.093458e+02  1.069944e+02  5.605230e+01  1.273345e+02  1.872604e+02 1.401047e+02 7.796596e+01  6.167310e+01  3.813436e+01  1.105327e+02  1.078136e+02  1.064186e+02 1.087661e-01 1.680901e-02
[30,] 9.547659e+01  1.040550e+02  9.727858e+01  5.137356e+01  1.168932e+02  1.700884e+02 1.317786e+02 7.339594e+01  5.728299e+01  3.510119e+01  1.015842e+02  1.029535e+02  9.756287e+01 1.680901e-02 5.493720e-02
[31,] 9.291472e+01  1.058939e+02  9.959584e+01  5.290941e+01  1.197660e+02  1.751962e+02 1.338330e+02 7.461535e+01  5.830543e+01  3.563648e+01  1.040284e+02  1.035865e+02  9.918945e+01 1.688083e-02 1.680386e-02
[32,] 9.124239e+01  1.157719e+02  1.179864e+02  5.871863e+01  1.374438e+02  2.043818e+02 1.515249e+02 8.321709e+01  6.584307e+01  4.093601e+01  1.220085e+02  1.200607e+02  1.194456e+02 1.719586e-02 1.580193e-02
[33,] 9.735640e+01  1.283684e+02  1.289200e+02  6.796101e+01  1.528888e+02  2.263192e+02 1.729187e+02 9.203483e+01  7.151068e+01  4.454639e+01  1.327552e+02  1.288873e+02  1.273605e+02 1.830419e-02 1.677420e-02
[34,] 9.214054e+01  1.060388e+02  1.040774e+02  5.290874e+01  1.224846e+02  1.774640e+02 1.344623e+02 7.460372e+01  6.001748e+01  3.660345e+01  1.041791e+02  1.071525e+02  1.032710e+02 1.640483e-02 1.648203e-02
[35,] 9.526116e+01  1.077439e+02  1.018776e+02  5.406303e+01  1.223533e+02  1.774347e+02 1.382466e+02 7.664793e+01  5.954369e+01  3.648029e+01  1.054003e+02  1.055278e+02  1.000180e+02 1.646032e-02 1.703741e-02
[36,] 8.725072e+01  1.116757e+02  1.134119e+02  5.616500e+01  1.322156e+02  1.962920e+02 1.431463e+02 8.007118e+01  6.392963e+01  3.970989e+01  1.168158e+02  1.161674e+02  1.140171e+02 1.630399e-02 1.506064e-02
[37,] 8.492642e+01  1.071850e+02  1.059582e+02  5.425723e+01  1.254167e+02  1.844817e+02 1.369026e+02 7.549787e+01  6.061897e+01  3.721533e+01  1.091437e+02  1.081941e+02  1.047485e+02 1.532759e-02 1.455513e-02
[38,] 8.238608e+01  1.026683e+02  9.924571e+01  5.344102e+01  1.198945e+02  1.768463e+02 1.348299e+02 7.213944e+01  5.688627e+01  3.479586e+01  1.014809e+02  9.823105e+01  9.656330e+01 1.444655e-02 1.406790e-02
[39,] 8.854367e+01  1.019817e+02  9.626829e+01  5.222636e+01  1.154999e+02  1.676279e+02 1.317247e+02 7.107176e+01  5.488407e+01  3.324642e+01  9.486689e+01  9.728344e+01  9.318240e+01 1.495056e-02 1.553820e-02
[40,] 8.146603e+01  9.225504e+01  8.631667e+01  4.667548e+01  1.029334e+02  1.508671e+02 1.188067e+02 6.401287e+01  5.113646e+01  3.056742e+01  8.798508e+01  8.924312e+01  8.655736e+01 1.314778e-02 1.345173e-02
[41,] 8.990138e+01  9.734431e+01  9.264223e+01  4.873251e+01  1.097996e+02  1.584516e+02 1.257730e+02 6.989971e+01  5.552737e+01  3.335100e+01  9.559339e+01  9.956866e+01  9.220173e+01 1.436286e-02 1.507867e-02
[42,] 2.618708e+02  7.711543e+01  7.257038e+01  3.782079e+01  8.615294e+01  1.246306e+02 1.015673e+02 5.624226e+01  4.357389e+01  2.574079e+01  7.327997e+01  7.540351e+01  7.163274e+01 1.089564e-02 1.141393e-02
[43,] 6.263528e+01  2.502842e+02  8.171647e+01  4.194614e+01  9.576152e+01  1.396050e+02 1.065550e+02 6.015760e+01  4.524705e+01  2.629992e+01  7.723650e+01  7.622771e+01  7.486703e+01 1.061741e-02 1.010367e-02
[44,] 6.675093e+01  9.254005e+01  2.941572e+02  4.752119e+01  1.104939e+02  1.603249e+02 1.232846e+02 6.905004e+01  5.236807e+01  3.086848e+01  8.991567e+01  9.134259e+01  8.959566e+01 1.176515e-02 1.069679e-02
[45,] 4.869823e+01  6.649620e+01  6.652301e+01  1.681357e+02  8.000896e+01  1.173075e+02 9.637962e+01 5.012347e+01  3.769139e+01  2.226058e+01  6.686476e+01  6.722209e+01  6.550618e+01 8.628085e-03 7.907891e-03
[46,] 6.263877e+01  8.572083e+01  8.734004e+01  4.517823e+01  3.223858e+02  1.539336e+02 1.156630e+02 6.476446e+01  4.862156e+01  2.881991e+01  8.426583e+01  8.422146e+01  8.393099e+01 1.106771e-02 1.016016e-02
[47,] 6.675901e+01  9.206791e+01  9.336588e+01  4.880096e+01  1.134085e+02  4.350434e+02 1.242948e+02 6.854048e+01  5.188141e+01  3.111969e+01  9.201280e+01  9.142236e+01  9.128252e+01 1.199139e-02 1.089176e-02
[48,] 5.844418e+01  7.548898e+01  7.712550e+01  4.307149e+01  9.153950e+01  1.335227e+02 4.244838e+02 5.783423e+01  4.317098e+01  2.578114e+01  7.547833e+01  7.599393e+01  7.484951e+01 9.637814e-03 9.065056e-03
[49,] 5.505565e+01  7.250232e+01  7.348610e+01  3.810638e+01  8.719725e+01  1.252567e+02 9.838681e+01 1.983683e+02  4.144037e+01  2.413786e+01  7.243555e+01  7.600403e+01  7.102321e+01 9.123944e-03 8.589140e-03
[50,] 5.158904e+01  6.595438e+01  6.740619e+01  3.465699e+01  7.917479e+01  1.146721e+02 8.882513e+01 5.012053e+01  1.411578e+02  2.324529e+01  6.837447e+01  7.081864e+01  6.668089e+01 8.729018e-03 8.107656e-03
[51,] 5.216710e+01  6.562233e+01  6.801305e+01  3.503716e+01  8.033307e+01  1.177403e+02 9.080084e+01 4.997290e+01  3.979045e+01  1.099945e+02  7.195414e+01  7.304432e+01  7.010449e+01 9.239104e-03 8.504235e-03
[52,] 5.689088e+01  7.382480e+01  7.589180e+01  4.031551e+01  8.997789e+01  1.333584e+02 1.018339e+02 5.744735e+01  4.483532e+01  2.756375e+01  2.423338e+02  8.997561e+01  8.167521e+01 1.025857e-02 9.428057e-03
[53,] 5.379586e+01  6.695645e+01  7.084883e+01  3.724661e+01  8.264317e+01  1.217656e+02 9.422128e+01 5.539298e+01  4.267502e+01  2.571395e+01  8.268462e+01  2.481700e+02  8.618701e+01 9.195374e-03 8.780858e-03
[54,] 6.347131e+01  8.167304e+01  8.630877e+01  4.507810e+01  1.022857e+02  1.509970e+02 1.152571e+02 6.428757e+01  4.990409e+01  3.065045e+01  9.321778e+01  1.070411e+02  2.547758e+02 1.127254e-02 1.033449e-02
[55,] 6.094451e-01  1.063043e+00 -4.469693e-01  4.311412e-01 -2.606178e-01 -3.240651e-01 2.629983e-01 6.765223e-02 -2.994974e-02 -1.064565e-01 -7.424665e-02 -4.204546e-01 -6.966760e-01 7.275258e-05 1.430062e-04
[56,] 0.000000e+00  0.000000e+00  0.000000e+00  0.000000e+00  0.000000e+00  0.000000e+00 0.000000e+00 0.000000e+00  0.000000e+00  0.000000e+00  0.000000e+00  0.000000e+00  0.000000e+00 0.000000e+00 0.000000e+00
[57,] 0.000000e+00  0.000000e+00  0.000000e+00  0.000000e+00  0.000000e+00  0.000000e+00 0.000000e+00 0.000000e+00  0.000000e+00  0.000000e+00  0.000000e+00  0.000000e+00  0.000000e+00 0.000000e+00 0.000000e+00
              [,31]         [,32]        [,33]        [,34]         [,35]         [,36]         [,37]        [,38]        [,39]         [,40]         [,41]        [,42]         [,43]         [,44]         [,45]
 [1,] -9.240355e-03 -4.885885e-03 6.378283e-03 1.219065e-02 -8.774930e-03  1.510488e-03 -1.505380e-02 1.663578e-02 1.270385e-02 -2.268497e-02 -2.168839e-02 1.675497e-02 -6.279571e-03  1.323536e-02 -7.407433e-04
 [2,]  1.364204e-01  1.771175e-02 1.531327e-01 1.645143e-01  2.320825e-01  6.104298e-02  9.378774e-02 2.463140e-01 2.336587e-01  1.140266e-01  1.755527e-01 1.215735e-01  1.552060e-01  7.461907e-02  1.438339e-01
 [3,]  1.094407e+02  1.114831e+02 1.186686e+02 1.063547e+02  1.067145e+02  1.057010e+02  9.937087e+01 9.365895e+01 9.692651e+01  8.523884e+01  9.311639e+01 7.063793e+01  6.883408e+01  7.627509e+01  5.593705e+01
 [4,]  1.392220e+02  1.309208e+02 1.389762e+02 1.365555e+02  1.411569e+02  1.247792e+02  1.205909e+02 1.165542e+02 1.287358e+02  1.114492e+02  1.249286e+02 9.456578e+01  8.371008e+01  8.862419e+01  6.551780e+01
 [5,]  8.552749e+02  2.047951e+02 2.177637e+02 2.103847e+02  2.151239e+02  1.965919e+02  1.895620e+02 1.820609e+02 1.972257e+02  1.711909e+02  1.901920e+02 1.416663e+02  1.311387e+02  1.396758e+02  1.038717e+02
 [6,]  2.742639e+02  6.230666e+02 3.476842e+02 2.814930e+02  2.790643e+02  3.056345e+02  2.787277e+02 2.547228e+02 2.454488e+02  2.173923e+02  2.380327e+02 1.863064e+02  1.920047e+02  2.215955e+02  1.543795e+02
 [7,]  3.549061e+02  4.231203e+02 8.821545e+02 3.624126e+02  3.671350e+02  3.984791e+02  3.664257e+02 3.434244e+02 3.249596e+02  2.855818e+02  3.095028e+02 2.419215e+02  2.590872e+02  2.946648e+02  2.174464e+02
 [8,]  1.848973e+02  1.847288e+02 1.954302e+02 6.558942e+02  1.895227e+02  1.789750e+02  1.716768e+02 1.576407e+02 1.713413e+02  1.479199e+02  1.666908e+02 1.234665e+02  1.154093e+02  1.282782e+02  9.128686e+01
 [9,]  1.613149e+02  1.562576e+02 1.689211e+02 1.617078e+02  5.058460e+02  1.504302e+02  1.435188e+02 1.399793e+02 1.504863e+02  1.283601e+02  1.455689e+02 1.089140e+02  1.000549e+02  1.071383e+02  7.958860e+01
[10,]  1.483964e+02  1.722705e+02 1.845590e+02 1.537211e+02  1.514282e+02  3.400709e+02  1.521047e+02 1.397382e+02 1.346056e+02  1.195842e+02  1.318655e+02 1.004173e+02  1.043941e+02  1.200594e+02  8.323154e+01
[11,]  1.183302e+02  1.299197e+02 1.403467e+02 1.219381e+02  1.194722e+02  1.257851e+02  2.839802e+02 1.115231e+02 1.103847e+02  1.002955e+02  1.082761e+02 8.082932e+01  8.285862e+01  9.275956e+01  6.649153e+01
[12,]  2.017596e+02  2.107833e+02 2.335181e+02 1.987785e+02  2.068689e+02  2.051516e+02  1.979876e+02 6.802270e+02 1.989826e+02  1.790332e+02  1.858303e+02 1.392045e+02  1.409008e+02  1.542443e+02  1.162671e+02
[13,]  2.017320e+02  1.874663e+02 2.039449e+02 1.994146e+02  2.052686e+02  1.823966e+02  1.808740e+02 1.836577e+02 8.258376e+02  1.749166e+02  1.881109e+02 1.380864e+02  1.291795e+02  1.380939e+02  1.048735e+02
[14,]  1.076069e+02  1.020362e+02 1.101443e+02 1.057962e+02  1.075978e+02  9.958080e+01  1.009943e+02 1.015490e+02 1.074927e+02  4.102453e+02  1.056005e+02 7.807608e+01  7.181404e+01  7.609114e+01  5.759872e+01
[15,]  1.513014e+02  1.413963e+02 1.510731e+02 1.508850e+02  1.544306e+02  1.389710e+02  1.379873e+02 1.333981e+02 1.463030e+02  1.336463e+02  5.260786e+02 1.090433e+02  9.590051e+01  1.033569e+02  7.610864e+01
[16,]  9.291472e+01  9.124239e+01 9.735640e+01 9.214054e+01  9.526116e+01  8.725072e+01  8.492642e+01 8.238608e+01 8.854367e+01  8.146603e+01  8.990138e+01 2.618708e+02  6.263528e+01  6.675093e+01  4.869823e+01
[17,]  1.058939e+02  1.157719e+02 1.283684e+02 1.060388e+02  1.077439e+02  1.116757e+02  1.071850e+02 1.026683e+02 1.019817e+02  9.225504e+01  9.734431e+01 7.711543e+01  2.502842e+02  9.254005e+01  6.649620e+01
[18,]  9.959584e+01  1.179864e+02 1.289200e+02 1.040774e+02  1.018776e+02  1.134119e+02  1.059582e+02 9.924571e+01 9.626829e+01  8.631667e+01  9.264223e+01 7.257038e+01  8.171647e+01  2.941572e+02  6.652301e+01
[19,]  5.290941e+01  5.871863e+01 6.796101e+01 5.290874e+01  5.406303e+01  5.616500e+01  5.425723e+01 5.344102e+01 5.222636e+01  4.667548e+01  4.873251e+01 3.782079e+01  4.194614e+01  4.752119e+01  1.681357e+02
[20,]  1.197660e+02  1.374438e+02 1.528888e+02 1.224846e+02  1.223533e+02  1.322156e+02  1.254167e+02 1.198945e+02 1.154999e+02  1.029334e+02  1.097996e+02 8.615294e+01  9.576152e+01  1.104939e+02  8.000896e+01
[21,]  1.751962e+02  2.043818e+02 2.263192e+02 1.774640e+02  1.774347e+02  1.962920e+02  1.844817e+02 1.768463e+02 1.676279e+02  1.508671e+02  1.584516e+02 1.246306e+02  1.396050e+02  1.603249e+02  1.173075e+02
[22,]  1.338330e+02  1.515249e+02 1.729187e+02 1.344623e+02  1.382466e+02  1.431463e+02  1.369026e+02 1.348299e+02 1.317247e+02  1.188067e+02  1.257730e+02 1.015673e+02  1.065550e+02  1.232846e+02  9.637962e+01
[23,]  7.461535e+01  8.321709e+01 9.203483e+01 7.460372e+01  7.664793e+01  8.007118e+01  7.549787e+01 7.213944e+01 7.107176e+01  6.401287e+01  6.989971e+01 5.624226e+01  6.015760e+01  6.905004e+01  5.012347e+01
[24,]  5.830543e+01  6.584307e+01 7.151068e+01 6.001748e+01  5.954369e+01  6.392963e+01  6.061897e+01 5.688627e+01 5.488407e+01  5.113646e+01  5.552737e+01 4.357389e+01  4.524705e+01  5.236807e+01  3.769139e+01
[25,]  3.563648e+01  4.093601e+01 4.454639e+01 3.660345e+01  3.648029e+01  3.970989e+01  3.721533e+01 3.479586e+01 3.324642e+01  3.056742e+01  3.335100e+01 2.574079e+01  2.629992e+01  3.086848e+01  2.226058e+01
[26,]  1.040284e+02  1.220085e+02 1.327552e+02 1.041791e+02  1.054003e+02  1.168158e+02  1.091437e+02 1.014809e+02 9.486689e+01  8.798508e+01  9.559339e+01 7.327997e+01  7.723650e+01  8.991567e+01  6.686476e+01
[27,]  1.035865e+02  1.200607e+02 1.288873e+02 1.071525e+02  1.055278e+02  1.161674e+02  1.081941e+02 9.823105e+01 9.728344e+01  8.924312e+01  9.956866e+01 7.540351e+01  7.622771e+01  9.134259e+01  6.722209e+01
