$par
   ln_H_input    ln_H_input      beta1_ct      beta1_ct      beta1_ct      beta1_ct      beta1_ct      beta1_ct      beta1_ct      beta1_ct      beta1_ct      beta1_ct      beta1_ct      beta1_ct      beta1_ct 
 2.283880e-02 -5.675736e-02  1.105648e+00  1.128267e+00  1.106178e+00 -8.548437e-01  1.291148e-01 -1.449987e-01  1.989071e-01 -6.707784e-01 -1.323782e+00 -1.722431e+00 -1.913402e+00 -1.151925e+00 -1.519156e+00 
     beta1_ct      beta1_ct      beta1_ct      beta1_ct      beta1_ct      beta1_ct      beta1_ct      beta1_ct      beta1_ct      beta1_ct      beta1_ct      beta1_ct      beta1_ct     lambda1_k     lambda1_k 
-1.395622e+00 -1.321999e+00 -1.638239e+00 -7.077927e-01 -3.951660e-01  2.763266e-01  1.506414e-01  9.558009e-01  2.035786e+00  1.205795e+00 -3.470173e-01 -4.664732e-01 -2.602337e-01  1.280671e-01  9.670543e-01 
    lambda1_k     lambda1_k     lambda1_k     lambda1_k    L_omega1_z  L_epsilon1_z     logkappa1      beta2_ct      beta2_ct      beta2_ct      beta2_ct      beta2_ct      beta2_ct      beta2_ct      beta2_ct 
-1.851165e-01 -1.822376e+00  9.042684e-01 -8.983187e-01  5.034140e+00  5.902174e-07 -5.000504e+00  1.603403e+00  1.365883e+00  1.704991e+00  1.369613e+00  1.047736e+00  1.407581e+00  1.149500e+00  8.975798e-01 
     beta2_ct      beta2_ct      beta2_ct      beta2_ct      beta2_ct      beta2_ct      beta2_ct      beta2_ct      beta2_ct      beta2_ct      beta2_ct      beta2_ct      beta2_ct      beta2_ct      beta2_ct 
 8.805140e-01  5.596463e-01  4.590745e-01  6.629469e-01  8.397404e-01  7.943798e-01  7.356650e-01  6.251226e-01  6.740018e-01  7.164869e-01  9.635013e-01  1.158367e+00  1.096480e+00  1.293192e+00  1.112663e+00 
     beta2_ct      beta2_ct      beta2_ct     lambda2_k     lambda2_k     lambda2_k     lambda2_k     lambda2_k     lambda2_k    L_omega2_z  L_epsilon2_z     logkappa2     logSigmaM 
 1.090801e+00  9.528539e-01  1.071950e+00  3.875720e+00  3.655391e+00  3.079154e+00  7.958090e-02  6.461782e-01  1.459433e-01 -8.073994e-01  3.780191e-01 -4.741563e+00 -3.305684e-01 

$objective
[1] 7385.11

$convergence
[1] 0

$iterations
[1] 2

$evaluations
function gradient 
       7        3 

$message
[1] "relative convergence (4)"

$run_time
Time difference of 5.286089 mins

$number_of_coefficients
 Total  Fixed Random 
 14437     73  14364 

$AIC
[1] 14916.22

$diagnostics
          Param starting_value Lower           MLE Upper final_gradient
1    ln_H_input     0.00000000   -50  2.283880e-02    50   2.524728e-04
2    ln_H_input     0.00000000   -50 -5.675736e-02    50  -1.191355e-04
3      beta1_ct    -5.37575457   -50  1.105648e+00    50  -6.272275e-05
4      beta1_ct    -5.37575457   -50  1.128267e+00    50   1.593392e-04
5      beta1_ct    -5.37575457   -50  1.106178e+00    50  -1.501913e-04
6      beta1_ct    -5.37575457   -50 -8.548437e-01    50  -1.749853e-04
7      beta1_ct    -5.37575457   -50  1.291148e-01    50  -3.903310e-04
8      beta1_ct    -5.37575457   -50 -1.449987e-01    50   2.213330e-04
9      beta1_ct    -5.37575457   -50  1.989071e-01    50  -3.132580e-05
10     beta1_ct    -5.37575457   -50 -6.707784e-01    50  -7.803448e-05
11     beta1_ct    -5.37575457   -50 -1.323782e+00    50  -2.445194e-05
12     beta1_ct    -5.37575457   -50 -1.722431e+00    50   2.154180e-04
13     beta1_ct    -5.37575457   -50 -1.913402e+00    50  -7.647376e-05
14     beta1_ct    -5.37575457   -50 -1.151925e+00    50   1.591250e-04
15     beta1_ct    -5.37575457   -50 -1.519156e+00    50  -6.272373e-05
16     beta1_ct    -5.37575457   -50 -1.395622e+00    50  -5.446978e-05
17     beta1_ct    -5.37575457   -50 -1.321999e+00    50  -2.055063e-05
18     beta1_ct    -5.37575457   -50 -1.638239e+00    50   6.764345e-05
19     beta1_ct    -5.37575457   -50 -7.077927e-01    50  -1.073579e-04
20     beta1_ct    -5.37575457   -50 -3.951660e-01    50  -4.449363e-05
21     beta1_ct    -5.37575457   -50  2.763266e-01    50   5.648402e-05
22     beta1_ct    -5.37575457   -50  1.506414e-01    50  -1.187526e-04
23     beta1_ct    -5.37575457   -50  9.558009e-01    50   3.605795e-05
24     beta1_ct    -5.37575457   -50  2.035786e+00    50   1.797719e-04
25     beta1_ct    -5.37575457   -50  1.205795e+00    50   1.457858e-04
26     beta1_ct    -5.37575457   -50 -3.470173e-01    50   1.606550e-05
27     beta1_ct    -5.37575457   -50 -4.664732e-01    50   1.144938e-04
28     beta1_ct    -5.37575457   -50 -2.602337e-01    50   1.083683e-05
29    lambda1_k     0.00000000   -50  1.280671e-01    50  -1.755300e-05
30    lambda1_k     0.00000000   -50  9.670543e-01    50   1.035789e-04
31    lambda1_k     0.00000000   -50 -1.851165e-01    50  -8.263784e-05
32    lambda1_k     0.00000000   -50 -1.822376e+00    50   6.079027e-05
33    lambda1_k     0.00000000   -50  9.042684e-01    50  -1.823477e-04
34    lambda1_k     0.00000000   -50 -8.983187e-01    50  -1.968674e-05
35   L_omega1_z     0.37542809   -50  5.034140e+00    50   1.429851e-04
36 L_epsilon1_z    -0.21866800   -50  5.902174e-07    50   9.309210e-05
37    logkappa1    -0.10536052   -50 -5.000504e+00    50   2.837229e-04
38     beta2_ct     3.03515143   -50  1.603403e+00    50  -2.209082e-05
39     beta2_ct     3.03515143   -50  1.365883e+00    50  -4.399061e-05
40     beta2_ct     3.03515143   -50  1.704991e+00    50  -1.110512e-04
41     beta2_ct     3.03515143   -50  1.369613e+00    50   5.394582e-05
42     beta2_ct     3.03515143   -50  1.047736e+00    50  -3.488660e-05
43     beta2_ct     3.03515143   -50  1.407581e+00    50   2.029044e-05
44     beta2_ct     3.03515143   -50  1.149500e+00    50  -1.577243e-04
45     beta2_ct     3.03515143   -50  8.975798e-01    50  -1.560486e-04
46     beta2_ct     3.03515143   -50  8.805140e-01    50  -9.175174e-05
47     beta2_ct     3.03515143   -50  5.596463e-01    50  -1.331123e-04
48     beta2_ct     3.03515143   -50  4.590745e-01    50   2.451373e-05
49     beta2_ct     3.03515143   -50  6.629469e-01    50  -3.528752e-05
50     beta2_ct     3.03515143   -50  8.397404e-01    50   3.539899e-05
51     beta2_ct     3.03515143   -50  7.943798e-01    50   9.196529e-05
52     beta2_ct     3.03515143   -50  7.356650e-01    50   1.373213e-04
53     beta2_ct     3.03515143   -50  6.251226e-01    50   7.181029e-05
54     beta2_ct     3.03515143   -50  6.740018e-01    50   2.513281e-05
55     beta2_ct     3.03515143   -50  7.164869e-01    50   5.769126e-05
56     beta2_ct     3.03515143   -50  9.635013e-01    50   1.290069e-04
57     beta2_ct     3.03515143   -50  1.158367e+00    50  -3.701510e-05
58     beta2_ct     3.03515143   -50  1.096480e+00    50   6.829712e-05
59     beta2_ct     3.03515143   -50  1.293192e+00    50   1.182871e-04
60     beta2_ct     3.03515143   -50  1.112663e+00    50  -8.315792e-05
61     beta2_ct     3.03515143   -50  1.090801e+00    50   8.857725e-05
62     beta2_ct     3.03515143   -50  9.528539e-01    50  -5.777700e-05
63     beta2_ct     3.03515143   -50  1.071950e+00    50   6.413047e-05
64    lambda2_k     0.00000000   -50  3.875720e+00    50  -1.098996e-04
65    lambda2_k     0.00000000   -50  3.655391e+00    50  -4.841676e-05
66    lambda2_k     0.00000000   -50  3.079154e+00    50   1.976696e-04
67    lambda2_k     0.00000000   -50  7.958090e-02    50   1.530511e-04
68    lambda2_k     0.00000000   -50  6.461782e-01    50   1.060642e-04
69    lambda2_k     0.00000000   -50  1.459433e-01    50  -1.183944e-05
70   L_omega2_z    -0.51675144   -50 -8.073994e-01    50   1.814938e-04
71 L_epsilon2_z     0.03620372   -50  3.780191e-01    50   2.237010e-04
72    logkappa2    -0.10536052   -50 -4.741563e+00    50   8.390548e-05
73    logSigmaM     1.60943791   -50 -3.305684e-01    10   9.777135e-04

$SD
$SD$value
  Range_raw1   Range_raw2    Index_cyl    Index_cyl    Index_cyl    Index_cyl    Index_cyl    Index_cyl    Index_cyl    Index_cyl    Index_cyl    Index_cyl    Index_cyl    Index_cyl    Index_cyl    Index_cyl 
 419.9876002  324.1750467 3248.1654216 2173.0086432 2051.2071824 2322.4356761 1740.0833352 2302.7185509 1759.1686922 1166.7029663  969.2340468  676.9845877  661.3659688  883.3804389 1227.8856896 1019.7490463 
   Index_cyl    Index_cyl    Index_cyl    Index_cyl    Index_cyl    Index_cyl    Index_cyl    Index_cyl    Index_cyl    Index_cyl    Index_cyl    Index_cyl ln_Index_cyl ln_Index_cyl ln_Index_cyl ln_Index_cyl 
 870.1976956  817.8078156  951.8644134  887.8952966 1159.0067041 1451.4182961 1416.5945617 1695.7059029 1338.4867676 1197.3575647 1069.2517326 1375.8123189    8.0858456    7.6838680    7.6261838    7.7503718 
ln_Index_cyl ln_Index_cyl ln_Index_cyl ln_Index_cyl ln_Index_cyl ln_Index_cyl ln_Index_cyl ln_Index_cyl ln_Index_cyl ln_Index_cyl ln_Index_cyl ln_Index_cyl ln_Index_cyl ln_Index_cyl ln_Index_cyl ln_Index_cyl 
   7.4616883    7.7418457    7.4725966    7.0619371    6.8765061    6.5176485    6.4943073    6.7837560    7.1130490    6.9273118    6.7687204    6.7066274    6.8584226    6.7888538    7.0553186    7.2802965 
ln_Index_cyl ln_Index_cyl ln_Index_cyl ln_Index_cyl ln_Index_cyl ln_Index_cyl       SigmaM       SigmaM       SigmaM 
   7.2560111    7.4358544    7.1992950    7.0878724    6.9747144    7.2267996    0.7185152    2.0000000    5.0000000 

$SD$sd
 [1] 1.142029e+02 4.059211e+01 4.143268e+02 2.585690e+02 2.778167e+02 3.054109e+02 2.988324e+02 3.330333e+02 2.301852e+02 1.127846e+02 9.814304e+01 6.733731e+01 6.820098e+01 8.183030e+01 1.191487e+02 8.636192e+01
[17] 6.916213e+01 6.951315e+01 8.403368e+01 7.378990e+01 9.365865e+01 1.169037e+02 1.092027e+02 1.261579e+02 1.124255e+02 1.025271e+02 8.962720e+01 1.162926e+02 1.275572e-01 1.189912e-01 1.354406e-01 1.315046e-01
[33] 1.717345e-01 1.446261e-01 1.308488e-01 9.666954e-02 1.012584e-01 9.946653e-02 1.031214e-01 9.263313e-02 9.703566e-02 8.468938e-02 7.947864e-02 8.499937e-02 8.828324e-02 8.310653e-02 8.080941e-02 8.054445e-02
[49] 7.708818e-02 7.439847e-02 8.399444e-02 8.562782e-02 8.382236e-02 8.452653e-02 9.277233e-03 0.000000e+00 0.000000e+00

$SD$cov
               [,1]          [,2]          [,3]          [,4]          [,5]          [,6]          [,7]          [,8]          [,9]        [,10]        [,11]         [,12]        [,13]        [,14]         [,15]
 [1,]  1.304231e+04 -7.903212e+01  1.115683e+02  6.050299e+01  -123.6227375  7.689536e+01 -1.253509e+02 -5.375809e+01 -1.112397e+02 1.557815e+01 2.405592e+01 -2.305254e+01 6.888560e+00 5.935927e+01  2.499411e+01
 [2,] -7.903212e+01  1.647720e+03  6.713134e+02  5.339751e+02  1771.3842174  9.214065e+02  9.145954e+02  7.725780e+02  4.456730e+02 2.339512e+02 1.621387e+02  1.015383e+02 8.769527e+01 1.685501e+02  3.189619e+02
 [3,]  1.115683e+02  6.713134e+02  1.716667e+05  3.362988e+04 31072.2490607  3.502933e+04  2.536538e+04  3.392528e+04  2.493468e+04 1.356269e+04 9.895129e+03  6.697163e+03 7.195432e+03 8.116017e+03  1.357208e+04
 [4,]  6.050299e+01  5.339751e+02  3.362988e+04  6.685792e+04 21433.2476316  2.404090e+04  1.740781e+04  2.338163e+04  1.703929e+04 9.254024e+03 6.752899e+03  4.559128e+03 4.942035e+03 5.526928e+03  9.274109e+03
 [5,] -1.236227e+02  1.771384e+03  3.107225e+04  2.143325e+04 77182.1230960  2.331069e+04  1.697081e+04  2.282476e+04  1.673559e+04 9.148514e+03 6.850005e+03  4.736509e+03 5.042887e+03 5.707510e+03  9.167783e+03
 [6,]  7.689536e+01  9.214065e+02  3.502933e+04  2.404090e+04 23310.6946700  9.327579e+04  1.928091e+04  2.537982e+04  1.847286e+04 9.993750e+03 7.440285e+03  5.068353e+03 5.454620e+03 6.165337e+03  1.008596e+04
 [7,] -1.253509e+02  9.145954e+02  2.536538e+04  1.740781e+04 16970.8069747  1.928091e+04  8.930082e+04  1.929402e+04  1.391701e+04 7.378543e+03 5.331224e+03  3.644667e+03 3.876177e+03 4.455096e+03  7.241282e+03
 [8,] -5.375809e+01  7.725780e+02  3.392528e+04  2.338163e+04 22824.7604684  2.537982e+04  1.929402e+04  1.109112e+05  1.837145e+04 9.800512e+03 7.229469e+03  4.839116e+03 5.216971e+03 5.941606e+03  9.722320e+03
 [9,] -1.112397e+02  4.456730e+02  2.493468e+04  1.703929e+04 16735.5889874  1.847286e+04  1.391701e+04  1.837145e+04  5.298522e+04 7.256474e+03 5.371339e+03  3.626001e+03 3.869185e+03 4.395358e+03  7.121344e+03
[10,]  1.557815e+01  2.339512e+02  1.356269e+04  9.254024e+03  9148.5135066  9.993750e+03  7.378543e+03  9.800512e+03  7.256474e+03 1.272038e+04 3.308586e+03  2.289222e+03 2.379570e+03 2.817374e+03  4.359189e+03
[11,]  2.405592e+01  1.621387e+02  9.895129e+03  6.752899e+03  6850.0050048  7.440285e+03  5.331224e+03  7.229469e+03  5.371339e+03 3.308586e+03 9.632057e+03  1.901718e+03 1.963391e+03 2.368265e+03  3.526416e+03
[12,] -2.305254e+01  1.015383e+02  6.697163e+03  4.559128e+03  4736.5086783  5.068353e+03  3.644667e+03  4.839116e+03  3.626001e+03 2.289222e+03 1.901718e+03  4.534313e+03 1.402359e+03 1.651231e+03  2.434423e+03
[13,]  6.888560e+00  8.769527e+01  7.195432e+03  4.942035e+03  5042.8871514  5.454620e+03  3.876177e+03  5.216971e+03  3.869185e+03 2.379570e+03 1.963391e+03  1.402359e+03 4.651373e+03 1.691490e+03  2.522984e+03
[14,]  5.935927e+01  1.685501e+02  8.116017e+03  5.526928e+03  5707.5097935  6.165337e+03  4.455096e+03  5.941606e+03  4.395358e+03 2.817374e+03 2.368265e+03  1.651231e+03 1.691490e+03 6.696197e+03  3.010832e+03
[15,]  2.499411e+01  3.189619e+02  1.357208e+04  9.274109e+03  9167.7830728  1.008596e+04  7.241282e+03  9.722320e+03  7.121344e+03 4.359189e+03 3.526416e+03  2.434423e+03 2.522984e+03 3.010832e+03  1.419641e+04
[16,]  4.191852e+01  1.383969e+02  7.753208e+03  5.293929e+03  5304.5529017  5.898470e+03  4.211600e+03  5.651415e+03  4.164531e+03 2.624652e+03 2.161094e+03  1.511427e+03 1.534598e+03 1.884401e+03  2.794514e+03
[17,]  3.644635e+01 -5.621616e+00  6.517546e+03  4.380774e+03  4279.8957979  4.863603e+03  3.464828e+03  4.677763e+03  3.412890e+03 2.139873e+03 1.749637e+03  1.231110e+03 1.243226e+03 1.515360e+03  2.267791e+03
[18,]  4.342526e+01  5.380332e+01  3.181535e+03  2.174339e+03  2218.2672085  2.532693e+03  1.848095e+03  2.401648e+03  1.749560e+03 1.270956e+03 1.149126e+03  7.937237e+02 7.830538e+02 1.046331e+03  1.422172e+03
[19,]  2.816728e+01  9.464143e+01  4.361871e+03  2.949356e+03  2901.6318607  3.426786e+03  2.625371e+03  3.299479e+03  2.383451e+03 1.677299e+03 1.436547e+03  1.012972e+03 1.001041e+03 1.358357e+03  1.800406e+03
[20,]  4.654331e+01  5.003008e+01  4.322508e+03  2.925939e+03  2904.5306292  3.316540e+03  2.490088e+03  3.254965e+03  2.372411e+03 1.676342e+03 1.448527e+03  1.007532e+03 1.006947e+03 1.369637e+03  1.803917e+03
[21,]  2.752316e+01 -3.459593e+01  4.956305e+03  3.343745e+03  3216.4874380  3.729734e+03  2.848721e+03  3.706001e+03  2.674587e+03 1.915474e+03 1.623549e+03  1.142622e+03 1.126134e+03 1.562999e+03  2.081364e+03
[22,]  2.807744e+01 -1.781749e+01  6.236638e+03  4.253769e+03  4100.0468375  4.740557e+03  3.594261e+03  4.653596e+03  3.385648e+03 2.370049e+03 2.028255e+03  1.443223e+03 1.427107e+03 1.922606e+03  2.587772e+03
[23,] -6.270150e+00 -1.490343e+01  6.225269e+03  4.207583e+03  4121.1632145  4.620382e+03  3.648577e+03  4.602082e+03  3.430185e+03 2.361010e+03 2.005810e+03  1.427547e+03 1.390942e+03 1.865711e+03  2.538830e+03
[24,] -6.094144e+01 -4.128344e+01  7.085153e+03  4.747060e+03  4694.4445823  5.097001e+03  4.108306e+03  5.216911e+03  3.925655e+03 2.698796e+03 2.275603e+03  1.631354e+03 1.568461e+03 2.110222e+03  2.874070e+03
[25,] -2.349348e+01  2.307928e+01  5.764486e+03  3.911790e+03  3921.6442375  4.364812e+03  3.404255e+03  4.311113e+03  3.191600e+03 2.190776e+03 1.834171e+03  1.351419e+03 1.301164e+03 1.766096e+03  2.311103e+03
[26,] -3.920389e+01  9.204146e+01  5.682394e+03  3.842767e+03  4110.3205240  4.406472e+03  3.472587e+03  4.269804e+03  3.211889e+03 2.285976e+03 1.954757e+03  1.421956e+03 1.362770e+03 1.856345e+03  2.452167e+03
[27,] -1.745192e+01  7.104164e-01  4.978063e+03  3.363896e+03  3350.4145893  3.917811e+03  3.006472e+03  3.814924e+03  2.805754e+03 2.016788e+03 1.678152e+03  1.239809e+03 1.195513e+03 1.603961e+03  2.139075e+03
[28,] -6.624626e+01  8.876802e+01  6.080535e+03  4.070234e+03  4153.1820126  4.575892e+03  3.628530e+03  4.578202e+03  3.416193e+03 2.400105e+03 2.042922e+03  1.435541e+03 1.388506e+03 1.865397e+03  2.520285e+03
[29,]  3.434809e-02  2.066746e-01  5.285035e+01  1.035350e+01     9.5660919  1.078434e+01  7.809141e+00  1.044444e+01  7.676542e+00 4.175491e+00 3.046375e+00  2.061829e+00 2.215229e+00 2.498646e+00  4.178382e+00
[30,]  2.784296e-02  2.457308e-01  1.547618e+01  3.076744e+01     9.8633973  1.106342e+01  8.010924e+00  1.076003e+01  7.841337e+00 4.258623e+00 3.107627e+00  2.098072e+00 2.274282e+00 2.543445e+00  4.267866e+00
[31,] -6.026828e-02  8.635813e-01  1.514827e+01  1.044909e+01    37.6276584  1.136438e+01  8.273570e+00  1.112748e+01  8.158897e+00 4.460063e+00 3.339499e+00  2.309132e+00 2.458497e+00 2.782513e+00  4.469457e+00
[32,]  3.310979e-02  3.967415e-01  1.508302e+01  1.035159e+01    10.0371756  4.016292e+01  8.302020e+00  1.092810e+01  7.954089e+00 4.303133e+00 3.203656e+00  2.182344e+00 2.348664e+00 2.654686e+00  4.342838e+00
[33,] -7.203733e-02  5.256044e-01  1.457711e+01  1.000401e+01     9.7528702  1.108045e+01  5.131985e+01  1.108798e+01  7.997898e+00 4.240339e+00 3.063775e+00  2.094536e+00 2.227581e+00 2.560277e+00  4.161457e+00
[34,] -2.334549e-02  3.355069e-01  1.473271e+01  1.015392e+01     9.9120930  1.102168e+01  8.378799e+00  4.816531e+01  7.978156e+00 4.256062e+00 3.139537e+00  2.101480e+00 2.265571e+00 2.580257e+00  4.222105e+00
[35,] -6.323426e-02  2.533430e-01  1.417413e+01  9.685991e+00     9.5133509  1.050090e+01  7.911128e+00  1.044326e+01  3.011946e+01 4.124945e+00 3.053339e+00  2.061201e+00 2.199440e+00 2.498543e+00  4.048130e+00
[36,]  1.335228e-02  2.005234e-01  1.162480e+01  7.931774e+00     7.8413390  8.565805e+00  6.324269e+00  8.400177e+00  6.219642e+00 1.090284e+01 2.835843e+00  1.962129e+00 2.039568e+00 2.414817e+00  3.736332e+00
[37,]  2.481951e-02  1.672854e-01  1.020923e+01  6.967254e+00     7.0674416  7.676458e+00  5.500451e+00  7.458951e+00  5.541839e+00 3.413609e+00 9.937803e+00  1.962083e+00 2.025714e+00 2.443440e+00  3.638354e+00
[38,] -3.405180e-02  1.499861e-01  9.892637e+00  6.734463e+00     6.9964793  7.486660e+00  5.383678e+00  7.148045e+00  5.356105e+00 3.381498e+00 2.809101e+00  6.697808e+00 2.071479e+00 2.439097e+00  3.595980e+00
[39,]  1.041566e-02  1.325972e-01  1.087965e+01  7.472466e+00     7.6249571  8.247507e+00  5.860865e+00  7.888176e+00  5.850294e+00 3.597962e+00 2.968690e+00  2.120398e+00 7.032979e+00 2.557570e+00  3.814807e+00
[40,]  6.719559e-02  1.908013e-01  9.187453e+00  6.256566e+00     6.4609873  6.979255e+00  5.043236e+00  6.725988e+00  4.975612e+00 3.189310e+00 2.680912e+00  1.869219e+00 1.914792e+00 7.580197e+00  3.408307e+00
[41,]  2.035540e-02  2.597651e-01  1.105321e+01  7.552909e+00     7.4663164  8.214089e+00  5.897359e+00  7.917936e+00  5.799680e+00 3.550159e+00 2.871942e+00  1.982614e+00 2.054738e+00 2.452046e+00  1.156167e+01
[42,]  4.110670e-02  1.357167e-01  7.603055e+00  5.191404e+00     5.2018219  5.784237e+00  4.130036e+00  5.541967e+00  4.083878e+00 2.573821e+00 2.119241e+00  1.482156e+00 1.504878e+00 1.847906e+00  2.740394e+00
[43,]  4.188284e-02 -6.460160e-03  7.489730e+00  5.034229e+00     4.9183028  5.589078e+00  3.981657e+00  5.375517e+00  3.921971e+00 2.459066e+00 2.010620e+00  1.414748e+00 1.428671e+00 1.741397e+00  2.606065e+00
[44,]  5.309959e-02  6.578969e-02  3.890321e+00  2.658740e+00     2.7124554  3.096930e+00  2.259816e+00  2.936690e+00  2.139328e+00 1.554101e+00 1.405129e+00  9.705504e-01 9.575034e-01 1.279434e+00  1.739005e+00
[45,]  2.959169e-02  9.942743e-02  4.582450e+00  3.098504e+00     3.0483668  3.600078e+00  2.758136e+00  3.466333e+00  2.503981e+00 1.762120e+00 1.509193e+00  1.064198e+00 1.051663e+00 1.427049e+00  1.891452e+00
[46,]  5.241982e-02  5.634683e-02  4.868264e+00  3.295365e+00     3.2712535  3.735283e+00  2.804484e+00  3.665933e+00  2.671949e+00 1.887995e+00 1.631417e+00  1.134741e+00 1.134083e+00 1.542566e+00  2.031678e+00
[47,]  2.374720e-02 -2.984964e-02  4.276339e+00  2.885009e+00     2.7752104  3.218043e+00  2.457899e+00  3.197566e+00  2.307655e+00 1.652686e+00 1.400811e+00  9.858635e-01 9.716372e-01 1.348568e+00  1.795817e+00
[48,]  1.934483e-02 -1.227592e-02  4.296927e+00  2.930767e+00     2.8248554  3.266155e+00  2.476379e+00  3.206240e+00  2.332648e+00 1.632919e+00 1.397430e+00  9.943536e-01 9.832501e-01 1.324640e+00  1.782927e+00
[49,] -4.426214e-03 -1.052060e-02  4.394532e+00  2.970210e+00     2.9092045  3.261612e+00  2.575597e+00  3.248694e+00  2.421430e+00 1.666680e+00 1.415938e+00  1.007732e+00 9.818915e-01 1.317040e+00  1.792206e+00
[50,] -3.593868e-02 -2.434587e-02  4.178291e+00  2.799459e+00     2.7684309  3.005829e+00  2.422770e+00  3.076542e+00  2.315056e+00 1.591547e+00 1.341980e+00  9.620503e-01 9.249603e-01 1.244450e+00  1.694911e+00
[51,] -1.755227e-02  1.724282e-02  4.306719e+00  2.922546e+00     2.9299089  3.261005e+00  2.543361e+00  3.220886e+00  2.384484e+00 1.636756e+00 1.370332e+00  1.009662e+00 9.721153e-01 1.319472e+00  1.726654e+00
[52,] -3.274201e-02  7.687049e-02  4.745779e+00  3.209373e+00     3.4328263  3.680163e+00  2.900209e+00  3.566022e+00  2.682481e+00 1.909184e+00 1.632559e+00  1.187579e+00 1.138148e+00 1.550368e+00  2.047982e+00
[53,] -1.632162e-02  6.644052e-04  4.655651e+00  3.146028e+00     3.1334198  3.664068e+00  2.811753e+00  3.567844e+00  2.624035e+00 1.886167e+00 1.569464e+00  1.159511e+00 1.118083e+00 1.500078e+00  2.000534e+00
[54,] -4.815065e-02  6.452044e-02  4.419596e+00  2.958422e+00     3.0187126  3.325956e+00  2.637373e+00  3.327635e+00  2.483037e+00 1.744500e+00 1.484884e+00  1.043414e+00 1.009227e+00 1.355851e+00  1.831852e+00
[55,] -1.216870e-02  6.771874e-02 -7.420961e-02 -5.579525e-02     0.1095136 -4.522374e-02 -5.234987e-03 -2.343948e-02  3.535725e-02 7.491473e-03 1.949870e-03  6.605769e-03 1.635360e-03 8.393166e-03 -6.566332e-03
[56,]  0.000000e+00  0.000000e+00  0.000000e+00  0.000000e+00     0.0000000  0.000000e+00  0.000000e+00  0.000000e+00  0.000000e+00 0.000000e+00 0.000000e+00  0.000000e+00 0.000000e+00 0.000000e+00  0.000000e+00
[57,]  0.000000e+00  0.000000e+00  0.000000e+00  0.000000e+00     0.0000000  0.000000e+00  0.000000e+00  0.000000e+00  0.000000e+00 0.000000e+00 0.000000e+00  0.000000e+00 0.000000e+00 0.000000e+00  0.000000e+00
             [,16]         [,17]        [,18]         [,19]        [,20]         [,21]         [,22]         [,23]         [,24]         [,25]         [,26]         [,27]         [,28]         [,29]
 [1,] 4.191852e+01  3.644635e+01 4.342526e+01  2.816728e+01 4.654331e+01  2.752316e+01  2.807744e+01 -6.270150e+00 -6.094144e+01 -2.349348e+01 -3.920389e+01 -1.745192e+01 -6.624626e+01  3.434809e-02
 [2,] 1.383969e+02 -5.621616e+00 5.380332e+01  9.464143e+01 5.003008e+01 -3.459593e+01 -1.781749e+01 -1.490343e+01 -4.128344e+01  2.307928e+01  9.204146e+01  7.104164e-01  8.876802e+01  2.066746e-01
 [3,] 7.753208e+03  6.517546e+03 3.181535e+03  4.361871e+03 4.322508e+03  4.956305e+03  6.236638e+03  6.225269e+03  7.085153e+03  5.764486e+03  5.682394e+03  4.978063e+03  6.080535e+03  5.285035e+01
 [4,] 5.293929e+03  4.380774e+03 2.174339e+03  2.949356e+03 2.925939e+03  3.343745e+03  4.253769e+03  4.207583e+03  4.747060e+03  3.911790e+03  3.842767e+03  3.363896e+03  4.070234e+03  1.035350e+01
 [5,] 5.304553e+03  4.279896e+03 2.218267e+03  2.901632e+03 2.904531e+03  3.216487e+03  4.100047e+03  4.121163e+03  4.694445e+03  3.921644e+03  4.110321e+03  3.350415e+03  4.153182e+03  9.566092e+00
 [6,] 5.898470e+03  4.863603e+03 2.532693e+03  3.426786e+03 3.316540e+03  3.729734e+03  4.740557e+03  4.620382e+03  5.097001e+03  4.364812e+03  4.406472e+03  3.917811e+03  4.575892e+03  1.078434e+01
 [7,] 4.211600e+03  3.464828e+03 1.848095e+03  2.625371e+03 2.490088e+03  2.848721e+03  3.594261e+03  3.648577e+03  4.108306e+03  3.404255e+03  3.472587e+03  3.006472e+03  3.628530e+03  7.809141e+00
 [8,] 5.651415e+03  4.677763e+03 2.401648e+03  3.299479e+03 3.254965e+03  3.706001e+03  4.653596e+03  4.602082e+03  5.216911e+03  4.311113e+03  4.269804e+03  3.814924e+03  4.578202e+03  1.044444e+01
 [9,] 4.164531e+03  3.412890e+03 1.749560e+03  2.383451e+03 2.372411e+03  2.674587e+03  3.385648e+03  3.430185e+03  3.925655e+03  3.191600e+03  3.211889e+03  2.805754e+03  3.416193e+03  7.676542e+00
[10,] 2.624652e+03  2.139873e+03 1.270956e+03  1.677299e+03 1.676342e+03  1.915474e+03  2.370049e+03  2.361010e+03  2.698796e+03  2.190776e+03  2.285976e+03  2.016788e+03  2.400105e+03  4.175491e+00
[11,] 2.161094e+03  1.749637e+03 1.149126e+03  1.436547e+03 1.448527e+03  1.623549e+03  2.028255e+03  2.005810e+03  2.275603e+03  1.834171e+03  1.954757e+03  1.678152e+03  2.042922e+03  3.046375e+00
[12,] 1.511427e+03  1.231110e+03 7.937237e+02  1.012972e+03 1.007532e+03  1.142622e+03  1.443223e+03  1.427547e+03  1.631354e+03  1.351419e+03  1.421956e+03  1.239809e+03  1.435541e+03  2.061829e+00
[13,] 1.534598e+03  1.243226e+03 7.830538e+02  1.001041e+03 1.006947e+03  1.126134e+03  1.427107e+03  1.390942e+03  1.568461e+03  1.301164e+03  1.362770e+03  1.195513e+03  1.388506e+03  2.215229e+00
[14,] 1.884401e+03  1.515360e+03 1.046331e+03  1.358357e+03 1.369637e+03  1.562999e+03  1.922606e+03  1.865711e+03  2.110222e+03  1.766096e+03  1.856345e+03  1.603961e+03  1.865397e+03  2.498646e+00
[15,] 2.794514e+03  2.267791e+03 1.422172e+03  1.800406e+03 1.803917e+03  2.081364e+03  2.587772e+03  2.538830e+03  2.874070e+03  2.311103e+03  2.452167e+03  2.139075e+03  2.520285e+03  4.178382e+00
[16,] 7.458381e+03  1.528722e+03 1.025163e+03  1.249591e+03 1.235178e+03  1.404885e+03  1.734596e+03  1.732157e+03  2.019077e+03  1.581640e+03  1.662010e+03  1.485893e+03  1.758825e+03  2.386950e+00
[17,] 1.528722e+03  4.783400e+03 8.294215e+02  1.013047e+03 1.003792e+03  1.174649e+03  1.427517e+03  1.408568e+03  1.620366e+03  1.231867e+03  1.318132e+03  1.160964e+03  1.410984e+03  2.006531e+00
[18,] 1.025163e+03  8.294215e+02 4.832078e+03  8.096933e+02 7.792206e+02  9.273044e+02  1.104311e+03  1.087227e+03  1.254576e+03  9.577080e+02  1.030841e+03  9.035742e+02  1.071260e+03  9.794866e-01
[19,] 1.249591e+03  1.013047e+03 8.096933e+02  7.061659e+03 1.056379e+03  1.260734e+03  1.531758e+03  1.471860e+03  1.685038e+03  1.398749e+03  1.444974e+03  1.273146e+03  1.544031e+03  1.342872e+00
[20,] 1.235178e+03  1.003792e+03 7.792206e+02  1.056379e+03 5.444949e+03  1.262035e+03  1.513312e+03  1.472492e+03  1.732960e+03  1.376449e+03  1.417804e+03  1.249293e+03  1.489746e+03  1.330754e+00
[21,] 1.404885e+03  1.174649e+03 9.273044e+02  1.260734e+03 1.262035e+03  8.771943e+03  1.827938e+03  1.783926e+03  2.110249e+03  1.640471e+03  1.719205e+03  1.470190e+03  1.804305e+03  1.525878e+00
[22,] 1.734596e+03  1.427517e+03 1.104311e+03  1.531758e+03 1.513312e+03  1.827938e+03  1.366647e+04  2.211152e+03  2.561915e+03  2.066151e+03  2.128648e+03  1.761733e+03  2.260818e+03  1.920049e+00
[23,] 1.732157e+03  1.408568e+03 1.087227e+03  1.471860e+03 1.472492e+03  1.783926e+03  2.211152e+03  1.192523e+04  2.576318e+03  2.033441e+03  2.181258e+03  1.767762e+03  2.287069e+03  1.916549e+00
[24,] 2.019077e+03  1.620366e+03 1.254576e+03  1.685038e+03 1.732960e+03  2.110249e+03  2.561915e+03  2.576318e+03  1.591582e+04  2.338701e+03  2.422156e+03  2.022824e+03  2.617740e+03  2.181278e+00
[25,] 1.581640e+03  1.231867e+03 9.577080e+02  1.398749e+03 1.376449e+03  1.640471e+03  2.066151e+03  2.033441e+03  2.338701e+03  1.263948e+04  2.084190e+03  1.702857e+03  2.199384e+03  1.774690e+00
[26,] 1.662010e+03  1.318132e+03 1.030841e+03  1.444974e+03 1.417804e+03  1.719205e+03  2.128648e+03  2.181258e+03  2.422156e+03  2.084190e+03  1.051181e+04  1.881935e+03  2.790227e+03  1.749416e+00
[27,] 1.485893e+03  1.160964e+03 9.035742e+02  1.273146e+03 1.249293e+03  1.470190e+03  1.761733e+03  1.767762e+03  2.022824e+03  1.702857e+03  1.881935e+03  8.033035e+03  2.010952e+03  1.532577e+00
[28,] 1.758825e+03  1.410984e+03 1.071260e+03  1.544031e+03 1.489746e+03  1.804305e+03  2.260818e+03  2.287069e+03  2.617740e+03  2.199384e+03  2.790227e+03  2.010952e+03  1.352398e+04  1.871991e+00
[29,] 2.386950e+00  2.006531e+00 9.794866e-01  1.342872e+00 1.330754e+00  1.525878e+00  1.920049e+00  1.916549e+00  2.181278e+00  1.774690e+00  1.749416e+00  1.532577e+00  1.871991e+00  1.627083e-02
[30,] 2.436221e+00  2.015995e+00 1.000612e+00  1.357268e+00 1.346492e+00  1.538763e+00  1.957548e+00  1.936294e+00  2.184556e+00  1.800172e+00  1.768409e+00  1.548036e+00  1.873087e+00  4.764592e-03
[31,] 2.586064e+00  2.086525e+00 1.081445e+00  1.414597e+00 1.416010e+00  1.568095e+00  1.998846e+00  2.009140e+00  2.288625e+00  1.911871e+00  2.003854e+00  1.633387e+00  2.024750e+00  4.663640e-03
[32,] 2.539778e+00  2.094182e+00 1.090533e+00  1.475514e+00 1.428044e+00  1.605958e+00  2.041200e+00  1.989456e+00  2.194679e+00  1.879412e+00  1.897349e+00  1.686940e+00  1.970299e+00  4.643549e-03
[33,] 2.420344e+00  1.991185e+00 1.062073e+00  1.508762e+00 1.431017e+00  1.637118e+00  2.065568e+00  2.096783e+00  2.360982e+00  1.956375e+00  1.995644e+00  1.727775e+00  2.085262e+00  4.487797e-03
[34,] 2.454236e+00  2.031409e+00 1.042962e+00  1.432862e+00 1.413531e+00  1.609402e+00  2.020914e+00  1.998543e+00  2.265544e+00  1.872184e+00  1.854245e+00  1.656704e+00  1.988172e+00  4.535702e-03
[35,] 2.367329e+00  1.940058e+00 9.945377e-01  1.354873e+00 1.348598e+00  1.520370e+00  1.924573e+00  1.949890e+00  2.231540e+00  1.814266e+00  1.825799e+00  1.594932e+00  1.941936e+00  4.363733e-03
[36,] 2.249632e+00  1.834120e+00 1.089357e+00  1.437641e+00 1.436820e+00  1.641784e+00  2.031408e+00  2.023660e+00  2.313181e+00  1.877749e+00  1.959347e+00  1.728622e+00  2.057168e+00  3.578881e-03
[37,] 2.229693e+00  1.805175e+00 1.185602e+00  1.482146e+00 1.494507e+00  1.675085e+00  2.092637e+00  2.069480e+00  2.347837e+00  1.892393e+00  2.016806e+00  1.731421e+00  2.107769e+00  3.143074e-03
[38,] 2.232587e+00  1.818521e+00 1.172440e+00  1.496300e+00 1.488264e+00  1.687811e+00  2.131840e+00  2.108685e+00  2.409736e+00  1.996233e+00  2.100427e+00  1.831369e+00  2.120494e+00  3.045607e-03
[39,] 2.320346e+00  1.879786e+00 1.183995e+00  1.513596e+00 1.522526e+00  1.702740e+00  2.157818e+00  2.103135e+00  2.371547e+00  1.967388e+00  2.060539e+00  1.807642e+00  2.099452e+00  3.349476e-03
[40,] 2.133170e+00  1.715410e+00 1.184462e+00  1.537681e+00 1.550450e+00  1.769339e+00  2.176419e+00  2.112013e+00  2.388803e+00  1.999247e+00  2.101410e+00  1.815708e+00  2.111657e+00  2.828505e-03
[41,] 2.275875e+00  1.846908e+00 1.158228e+00  1.466265e+00 1.469125e+00  1.695080e+00  2.107503e+00  2.067643e+00  2.340666e+00  1.882181e+00  1.997064e+00  1.742080e+00  2.052541e+00  3.402908e-03
[42,] 7.313938e+00  1.499116e+00 1.005309e+00  1.225391e+00 1.211257e+00  1.377677e+00  1.701003e+00  1.698611e+00  1.979974e+00  1.551009e+00  1.629822e+00  1.457116e+00  1.724762e+00  2.340723e-03
[43,] 1.756752e+00  5.496912e+00 9.531415e-01  1.164157e+00 1.153521e+00  1.349865e+00  1.640452e+00  1.618676e+00  1.862066e+00  1.415617e+00  1.514750e+00  1.334138e+00  1.621453e+00  2.305834e-03
[44,] 1.253550e+00  1.014201e+00 5.908574e+00  9.900777e-01 9.528162e-01  1.133890e+00  1.350330e+00  1.329441e+00  1.534072e+00  1.171067e+00  1.260493e+00  1.104873e+00  1.309917e+00  1.197698e-03
[45,] 1.312783e+00  1.064276e+00 8.506393e-01  7.418766e+00 1.109800e+00  1.324489e+00  1.609219e+00  1.546292e+00  1.770250e+00  1.469483e+00  1.518046e+00  1.337528e+00  1.622113e+00  1.410781e-03
[46,] 1.391131e+00  1.130529e+00 8.776041e-01  1.189757e+00 6.132423e+00  1.421379e+00  1.704381e+00  1.658407e+00  1.951762e+00  1.550238e+00  1.596814e+00  1.407027e+00  1.677840e+00  1.498773e-03
[47,] 1.212146e+00  1.013496e+00 8.000855e-01  1.087771e+00 1.088894e+00  7.568501e+00  1.577160e+00  1.539185e+00  1.820739e+00  1.415411e+00  1.483344e+00  1.268491e+00  1.556768e+00  1.316540e-03
[48,] 1.195104e+00  9.835327e-01 7.608494e-01  1.055353e+00 1.042643e+00  1.259415e+00  9.415944e+00  1.523442e+00  1.765111e+00  1.423539e+00  1.466599e+00  1.213801e+00  1.557661e+00  1.322878e-03
[49,] 1.222761e+00  9.943338e-01 7.674935e-01  1.039013e+00 1.039459e+00  1.259306e+00  1.560892e+00  8.418237e+00  1.818670e+00  1.435443e+00  1.539790e+00  1.247896e+00  1.614484e+00  1.352927e-03
[50,] 1.190700e+00  9.555701e-01 7.398549e-01  9.937088e-01 1.021970e+00  1.244466e+00  1.510825e+00  1.519319e+00  9.385958e+00  1.379190e+00  1.428406e+00  1.192910e+00  1.543747e+00  1.286354e-03
[51,] 1.181663e+00  9.203428e-01 7.155155e-01  1.045022e+00 1.028362e+00  1.225616e+00  1.543647e+00  1.519209e+00  1.747272e+00  9.443113e+00  1.557124e+00  1.272225e+00  1.643187e+00  1.325893e-03
[52,] 1.388065e+00  1.100868e+00 8.609299e-01  1.206802e+00 1.184111e+00  1.435833e+00  1.777788e+00  1.821726e+00  2.022918e+00  1.740658e+00  8.779174e+00  1.571740e+00  2.330321e+00  1.461064e-03
[53,] 1.389657e+00  1.085772e+00 8.450528e-01  1.190689e+00 1.168380e+00  1.374970e+00  1.647632e+00  1.653270e+00  1.891812e+00  1.592569e+00  1.760049e+00  7.512763e+00  1.880709e+00  1.433317e-03
[54,] 1.278390e+00  1.025564e+00 7.786383e-01  1.122269e+00 1.082812e+00  1.311447e+00  1.643260e+00  1.662341e+00  1.902687e+00  1.598608e+00  2.028058e+00  1.461647e+00  9.829813e+00  1.360644e-03
[55,] 1.349113e-03 -9.317029e-03 1.363174e-03 -1.773074e-03 1.794397e-03 -5.047068e-03 -7.150333e-03 -3.318080e-05  8.218672e-03  6.988305e-03  1.268996e-02 -4.710798e-04  1.494693e-02 -2.284662e-05
[56,] 0.000000e+00  0.000000e+00 0.000000e+00  0.000000e+00 0.000000e+00  0.000000e+00  0.000000e+00  0.000000e+00  0.000000e+00  0.000000e+00  0.000000e+00  0.000000e+00  0.000000e+00  0.000000e+00
[57,] 0.000000e+00  0.000000e+00 0.000000e+00  0.000000e+00 0.000000e+00  0.000000e+00  0.000000e+00  0.000000e+00  0.000000e+00  0.000000e+00  0.000000e+00  0.000000e+00  0.000000e+00  0.000000e+00
              [,30]         [,31]         [,32]         [,33]         [,34]         [,35]        [,36]        [,37]         [,38]        [,39]        [,40]         [,41]        [,42]         [,43]        [,44]
 [1,]  0.0278429567 -6.026828e-02  3.310979e-02 -7.203733e-02 -2.334549e-02 -6.323426e-02 1.335228e-02 2.481951e-02 -3.405180e-02 1.041566e-02 6.719559e-02  2.035540e-02 4.110670e-02  0.0418828431 5.309959e-02
 [2,]  0.2457307809  8.635813e-01  3.967415e-01  5.256044e-01  3.355069e-01  2.533430e-01 2.005234e-01 1.672854e-01  1.499861e-01 1.325972e-01 1.908013e-01  2.597651e-01 1.357167e-01 -0.0064601598 6.578969e-02
 [3,] 15.4761816357  1.514827e+01  1.508302e+01  1.457711e+01  1.473271e+01  1.417413e+01 1.162480e+01 1.020923e+01  9.892637e+00 1.087965e+01 9.187453e+00  1.105321e+01 7.603055e+00  7.4897302754 3.890321e+00
 [4,] 30.7674426415  1.044909e+01  1.035159e+01  1.000401e+01  1.015392e+01  9.685991e+00 7.931774e+00 6.967254e+00  6.734463e+00 7.472466e+00 6.256566e+00  7.552909e+00 5.191404e+00  5.0342288857 2.658740e+00
 [5,]  9.8633973220  3.762766e+01  1.003718e+01  9.752870e+00  9.912093e+00  9.513351e+00 7.841339e+00 7.067442e+00  6.996479e+00 7.624957e+00 6.460987e+00  7.466316e+00 5.201822e+00  4.9183028403 2.712455e+00
 [6,] 11.0634172690  1.136438e+01  4.016292e+01  1.108045e+01  1.102168e+01  1.050090e+01 8.565805e+00 7.676458e+00  7.486660e+00 8.247507e+00 6.979255e+00  8.214089e+00 5.784237e+00  5.5890777210 3.096930e+00
 [7,]  8.0109236702  8.273570e+00  8.302020e+00  5.131985e+01  8.378799e+00  7.911128e+00 6.324269e+00 5.500451e+00  5.383678e+00 5.860865e+00 5.043236e+00  5.897359e+00 4.130036e+00  3.9816565382 2.259816e+00
 [8,] 10.7600258491  1.112748e+01  1.092810e+01  1.108798e+01  4.816531e+01  1.044326e+01 8.400177e+00 7.458951e+00  7.148045e+00 7.888176e+00 6.725988e+00  7.917936e+00 5.541967e+00  5.3755173930 2.936690e+00
 [9,]  7.8413367542  8.158897e+00  7.954089e+00  7.997898e+00  7.978156e+00  3.011946e+01 6.219642e+00 5.541839e+00  5.356105e+00 5.850294e+00 4.975612e+00  5.799680e+00 4.083878e+00  3.9219709096 2.139328e+00
[10,]  4.2586226014  4.460063e+00  4.303133e+00  4.240339e+00  4.256062e+00  4.124945e+00 1.090284e+01 3.413609e+00  3.381498e+00 3.597962e+00 3.189310e+00  3.550159e+00 2.573821e+00  2.4590658147 1.554101e+00
[11,]  3.1076265741  3.339499e+00  3.203656e+00  3.063775e+00  3.139537e+00  3.053339e+00 2.835843e+00 9.937803e+00  2.809101e+00 2.968690e+00 2.680912e+00  2.871942e+00 2.119241e+00  2.0106201488 1.405129e+00
[12,]  2.0980716336  2.309132e+00  2.182344e+00  2.094536e+00  2.101480e+00  2.061201e+00 1.962129e+00 1.962083e+00  6.697808e+00 2.120398e+00 1.869219e+00  1.982614e+00 1.482156e+00  1.4147478874 9.705504e-01
[13,]  2.2742821468  2.458497e+00  2.348664e+00  2.227581e+00  2.265571e+00  2.199440e+00 2.039568e+00 2.025714e+00  2.071479e+00 7.032979e+00 1.914792e+00  2.054738e+00 1.504878e+00  1.4286710608 9.575034e-01
[14,]  2.5434451430  2.782513e+00  2.654686e+00  2.560277e+00  2.580257e+00  2.498543e+00 2.414817e+00 2.443440e+00  2.439097e+00 2.557570e+00 7.580197e+00  2.452046e+00 1.847906e+00  1.7413972979 1.279434e+00
[15,]  4.2678657894  4.469457e+00  4.342838e+00  4.161457e+00  4.222105e+00  4.048130e+00 3.736332e+00 3.638354e+00  3.595980e+00 3.814807e+00 3.408307e+00  1.156167e+01 2.740394e+00  2.6060646316 1.739005e+00
[16,]  2.4362209946  2.586064e+00  2.539778e+00  2.420344e+00  2.454236e+00  2.367329e+00 2.249632e+00 2.229693e+00  2.232587e+00 2.320346e+00 2.133170e+00  2.275875e+00 7.313938e+00  1.7567521492 1.253550e+00
[17,]  2.0159949153  2.086525e+00  2.094182e+00  1.991185e+00  2.031409e+00  1.940058e+00 1.834120e+00 1.805175e+00  1.818521e+00 1.879786e+00 1.715410e+00  1.846908e+00 1.499116e+00  5.4969115298 1.014201e+00
[18,]  1.0006120584  1.081445e+00  1.090533e+00  1.062073e+00  1.042962e+00  9.945377e-01 1.089357e+00 1.185602e+00  1.172440e+00 1.183995e+00 1.184462e+00  1.158228e+00 1.005309e+00  0.9531415046 5.908574e+00
[19,]  1.3572684889  1.414597e+00  1.475514e+00  1.508762e+00  1.432862e+00  1.354873e+00 1.437641e+00 1.482146e+00  1.496300e+00 1.513596e+00 1.537681e+00  1.466265e+00 1.225391e+00  1.1641571831 9.900777e-01
[20,]  1.3464922711  1.416010e+00  1.428044e+00  1.431017e+00  1.413531e+00  1.348598e+00 1.436820e+00 1.494507e+00  1.488264e+00 1.522526e+00 1.550450e+00  1.469125e+00 1.211257e+00  1.1535213822 9.528162e-01
[21,]  1.5387629006  1.568095e+00  1.605958e+00  1.637118e+00  1.609402e+00  1.520370e+00 1.641784e+00 1.675085e+00  1.687811e+00 1.702740e+00 1.769339e+00  1.695080e+00 1.377677e+00  1.3498647652 1.133890e+00
[22,]  1.9575481983  1.998846e+00  2.041200e+00  2.065568e+00  2.020914e+00  1.924573e+00 2.031408e+00 2.092637e+00  2.131840e+00 2.157818e+00 2.176419e+00  2.107503e+00 1.701003e+00  1.6404518290 1.350330e+00
[23,]  1.9362936501  2.009140e+00  1.989456e+00  2.096783e+00  1.998543e+00  1.949890e+00 2.023660e+00 2.069480e+00  2.108685e+00 2.103135e+00 2.112013e+00  2.067643e+00 1.698611e+00  1.6186756323 1.329441e+00
[24,]  2.1845563592  2.288625e+00  2.194679e+00  2.360982e+00  2.265544e+00  2.231540e+00 2.313181e+00 2.347837e+00  2.409736e+00 2.371547e+00 2.388803e+00  2.340666e+00 1.979974e+00  1.8620664445 1.534072e+00
[25,]  1.8001721614  1.911871e+00  1.879412e+00  1.956375e+00  1.872184e+00  1.814266e+00 1.877749e+00 1.892393e+00  1.996233e+00 1.967388e+00 1.999247e+00  1.882181e+00 1.551009e+00  1.4156169641 1.171067e+00
[26,]  1.7684087493  2.003854e+00  1.897349e+00  1.995644e+00  1.854245e+00  1.825799e+00 1.959347e+00 2.016806e+00  2.100427e+00 2.060539e+00 2.101410e+00  1.997064e+00 1.629822e+00  1.5147504531 1.260493e+00
[27,]  1.5480359681  1.633387e+00  1.686940e+00  1.727775e+00  1.656704e+00  1.594932e+00 1.728622e+00 1.731421e+00  1.831369e+00 1.807642e+00 1.815708e+00  1.742080e+00 1.457116e+00  1.3341383597 1.104873e+00
[28,]  1.8730867820  2.024750e+00  1.970299e+00  2.085262e+00  1.988172e+00  1.941936e+00 2.057168e+00 2.107769e+00  2.120494e+00 2.099452e+00 2.111657e+00  2.052541e+00 1.724762e+00  1.6214525096 1.309917e+00
