$par
  ln_H_input   ln_H_input     beta1_ct     beta1_ct     beta1_ct     beta1_ct     beta1_ct     beta1_ct     beta1_ct     beta1_ct     beta1_ct     beta1_ct     beta1_ct     beta1_ct     beta1_ct     beta1_ct 
 0.186176947 -0.061459505  0.569313654  0.799805270  0.003625285  0.728409165  0.984980187  1.072043889  1.604525777  0.971288612  0.444855578  0.635733961  0.466710371  0.350420245  0.252800309  0.971534674 
    beta1_ct     beta1_ct     beta1_ct     beta1_ct     beta1_ct     beta1_ct     beta1_ct     beta1_ct     beta1_ct     beta1_ct     beta1_ct     beta1_ct    lambda1_k    lambda1_k    lambda1_k    lambda1_k 
 0.044306906 -0.422023519 -0.435430360  0.203879795  0.162338171  0.216395445  0.711481784  0.319063169 -0.073001449 -0.075153162  1.492322333  0.654081447 -3.759905355 -5.452382557 -2.567544171 -0.883902523 
   lambda1_k    lambda1_k   L_omega1_z L_epsilon1_z    logkappa1     beta2_ct     beta2_ct     beta2_ct     beta2_ct     beta2_ct     beta2_ct     beta2_ct     beta2_ct     beta2_ct     beta2_ct     beta2_ct 
-1.000012953 -0.783964768 -2.156654656 -0.881650139 -4.139690079  3.152487707  2.953140371  2.723675204  3.112359907  3.168106612  3.902131780  3.726217421  3.662539084  3.027204783  2.811467822  2.931348802 
    beta2_ct     beta2_ct     beta2_ct     beta2_ct     beta2_ct     beta2_ct     beta2_ct     beta2_ct     beta2_ct     beta2_ct     beta2_ct     beta2_ct     beta2_ct     beta2_ct     beta2_ct    lambda2_k 
 3.294407239  3.180674091  3.383845298  3.293006667  2.913212841  2.571708255  2.505666048  2.919640457  2.994970289  3.172051333  3.178464022  3.200383474  3.247994366  3.272668629  3.245501950 -0.945282452 
   lambda2_k    lambda2_k    lambda2_k    lambda2_k    lambda2_k   L_omega2_z L_epsilon2_z    logkappa2    logSigmaM 
-0.934443463 -0.293761467 -0.901878417 -0.266595823 -1.041366465  1.138587910 -0.804146379 -3.281792049 -0.044041708 

$objective
[1] 10314.73

$convergence
[1] 0

$iterations
[1] 2

$evaluations
function gradient 
       7        3 

$message
[1] "relative convergence (4)"

$run_time
Time difference of 4.026867 mins

$number_of_coefficients
 Total  Fixed Random 
 14437     73  14364 

$AIC
[1] 20775.46

$diagnostics
          Param starting_value Lower          MLE Upper final_gradient
1    ln_H_input     0.00000000   -50  0.186176947    50  -6.374527e-06
2    ln_H_input     0.00000000   -50 -0.061459505    50  -1.195191e-04
3      beta1_ct    -5.54845183   -50  0.569313654    50  -1.813927e-04
4      beta1_ct    -5.54845183   -50  0.799805270    50   6.851195e-05
5      beta1_ct    -5.54845183   -50  0.003625285    50  -2.472786e-04
6      beta1_ct    -5.54845183   -50  0.728409165    50  -2.699933e-04
7      beta1_ct    -5.54845183   -50  0.984980187    50  -8.468036e-05
8      beta1_ct    -5.54845183   -50  1.072043889    50  -2.421042e-05
9      beta1_ct    -5.54845183   -50  1.604525777    50   1.521037e-04
10     beta1_ct    -5.54845183   -50  0.971288612    50  -2.400995e-04
11     beta1_ct    -5.54845183   -50  0.444855578    50  -3.243521e-05
12     beta1_ct    -5.54845183   -50  0.635733961    50   8.174086e-05
13     beta1_ct    -5.54845183   -50  0.466710371    50   2.291945e-04
14     beta1_ct    -5.54845183   -50  0.350420245    50   6.605120e-05
15     beta1_ct    -5.54845183   -50  0.252800309    50   2.315024e-06
16     beta1_ct    -5.54845183   -50  0.971534674    50   7.683335e-05
17     beta1_ct    -5.54845183   -50  0.044306906    50   2.912526e-05
18     beta1_ct    -5.54845183   -50 -0.422023519    50   1.919905e-04
19     beta1_ct    -5.54845183   -50 -0.435430360    50   1.536406e-04
20     beta1_ct    -5.54845183   -50  0.203879795    50   5.908017e-05
21     beta1_ct    -5.54845183   -50  0.162338171    50   7.689258e-06
22     beta1_ct    -5.54845183   -50  0.216395445    50  -5.020177e-05
23     beta1_ct    -5.54845183   -50  0.711481784    50  -1.194312e-05
24     beta1_ct    -5.54845183   -50  0.319063169    50   3.634273e-04
25     beta1_ct    -5.54845183   -50 -0.073001449    50   1.479033e-06
26     beta1_ct    -5.54845183   -50 -0.075153162    50   2.357939e-04
27     beta1_ct    -5.54845183   -50  1.492322333    50  -2.927523e-04
28     beta1_ct    -5.54845183   -50  0.654081447    50  -2.827237e-04
29    lambda1_k     0.00000000   -50 -3.759905355    50   5.670147e-05
30    lambda1_k     0.00000000   -50 -5.452382557    50  -6.875228e-05
31    lambda1_k     0.00000000   -50 -2.567544171    50  -6.433692e-05
32    lambda1_k     0.00000000   -50 -0.883902523    50  -6.430801e-05
33    lambda1_k     0.00000000   -50 -1.000012953    50   1.371923e-04
34    lambda1_k     0.00000000   -50 -0.783964768    50  -7.552363e-05
35   L_omega1_z    -0.29524404   -50 -2.156654656    50   1.623696e-04
36 L_epsilon1_z    -0.71854139   -50 -0.881650139    50   2.812210e-04
37    logkappa1    -0.10536052   -50 -4.139690079    50   4.313004e-05
38     beta2_ct     4.56033056   -50  3.152487707    50   5.888328e-05
39     beta2_ct     4.56033056   -50  2.953140371    50   1.220043e-04
40     beta2_ct     4.56033056   -50  2.723675204    50   4.474852e-05
41     beta2_ct     4.56033056   -50  3.112359907    50   9.268093e-06
42     beta2_ct     4.56033056   -50  3.168106612    50   3.474578e-05
43     beta2_ct     4.56033056   -50  3.902131780    50  -7.338610e-06
44     beta2_ct     4.56033056   -50  3.726217421    50  -6.694611e-06
45     beta2_ct     4.56033056   -50  3.662539084    50   3.094999e-04
46     beta2_ct     4.56033056   -50  3.027204783    50  -8.833319e-05
47     beta2_ct     4.56033056   -50  2.811467822    50   6.849043e-05
48     beta2_ct     4.56033056   -50  2.931348802    50   1.278205e-04
49     beta2_ct     4.56033056   -50  3.294407239    50   2.527551e-05
50     beta2_ct     4.56033056   -50  3.180674091    50   3.010042e-04
51     beta2_ct     4.56033056   -50  3.383845298    50   4.208812e-05
52     beta2_ct     4.56033056   -50  3.293006667    50  -3.221064e-05
53     beta2_ct     4.56033056   -50  2.913212841    50  -1.171281e-04
54     beta2_ct     4.56033056   -50  2.571708255    50   1.764015e-04
55     beta2_ct     4.56033056   -50  2.505666048    50  -2.367054e-04
56     beta2_ct     4.56033056   -50  2.919640457    50  -1.661318e-04
57     beta2_ct     4.56033056   -50  2.994970289    50   1.424859e-04
58     beta2_ct     4.56033056   -50  3.172051333    50  -6.825587e-05
59     beta2_ct     4.56033056   -50  3.178464022    50  -1.055324e-04
60     beta2_ct     4.56033056   -50  3.200383474    50  -1.064400e-04
61     beta2_ct     4.56033056   -50  3.247994366    50  -2.884637e-04
62     beta2_ct     4.56033056   -50  3.272668629    50  -1.606809e-04
63     beta2_ct     4.56033056   -50  3.245501950    50  -1.419011e-05
64    lambda2_k     0.00000000   -50 -0.945282452    50   1.164884e-04
65    lambda2_k     0.00000000   -50 -0.934443463    50  -1.899823e-05
66    lambda2_k     0.00000000   -50 -0.293761467    50  -1.235559e-04
67    lambda2_k     0.00000000   -50 -0.901878417    50  -3.817716e-05
68    lambda2_k     0.00000000   -50 -0.266595823    50  -4.401675e-05
69    lambda2_k     0.00000000   -50 -1.041366465    50  -4.790246e-05
70   L_omega2_z     0.02512711   -50  1.138587910    50   1.906749e-05
71 L_epsilon2_z    -0.64312680   -50 -0.804146379    50  -1.908046e-04
72    logkappa2    -0.10536052   -50 -3.281792049    50   6.388127e-05
73    logSigmaM     1.60943791   -50 -0.044041708    10   1.430010e-03

$SD
$SD$value
  Range_raw1   Range_raw2    Index_cyl    Index_cyl    Index_cyl    Index_cyl    Index_cyl    Index_cyl    Index_cyl    Index_cyl    Index_cyl    Index_cyl    Index_cyl    Index_cyl    Index_cyl    Index_cyl 
  177.578160    75.302461 12399.697712  9610.860876  7810.424181 12143.555025 13348.460661 28471.463563 23346.544113 23557.657931 11055.172370 10562.613978 11050.980667 15292.877838 13153.555710 17792.794465 
   Index_cyl    Index_cyl    Index_cyl    Index_cyl    Index_cyl    Index_cyl    Index_cyl    Index_cyl    Index_cyl    Index_cyl    Index_cyl    Index_cyl ln_Index_cyl ln_Index_cyl ln_Index_cyl ln_Index_cyl 
15436.349166  9796.576606  7158.263543  6194.454514  9928.288002 12819.486376 15589.283647 20148.930306 13717.742515 14409.685812 18715.088862 15289.957164     9.425427     9.170649     8.963215     9.404554 
ln_Index_cyl ln_Index_cyl ln_Index_cyl ln_Index_cyl ln_Index_cyl ln_Index_cyl ln_Index_cyl ln_Index_cyl ln_Index_cyl ln_Index_cyl ln_Index_cyl ln_Index_cyl ln_Index_cyl ln_Index_cyl ln_Index_cyl ln_Index_cyl 
    9.499156    10.256658    10.058204    10.067206     9.310654     9.265076     9.310274     9.635142     9.484447     9.786549     9.644480     9.189788     8.876023     8.731410     9.203143     9.458722 
ln_Index_cyl ln_Index_cyl ln_Index_cyl ln_Index_cyl ln_Index_cyl ln_Index_cyl       SigmaM       SigmaM       SigmaM 
    9.654339     9.910906     9.526445     9.575656     9.837085     9.634951     0.956914     2.000000     5.000000 

$SD$sd
 [1] 1.852678e+01 5.954601e+00 3.718818e+03 2.062506e+03 1.945372e+03 2.571040e+03 2.910169e+03 6.656669e+03 5.267654e+03 4.471929e+03 2.178949e+03 2.158084e+03 2.314175e+03 3.227862e+03 2.919014e+03 2.930528e+03
[17] 2.379704e+03 1.588840e+03 1.180485e+03 9.175745e+02 1.429157e+03 1.774078e+03 1.942986e+03 2.585706e+03 2.097886e+03 2.297986e+03 2.631922e+03 2.340344e+03 2.999120e-01 2.146016e-01 2.490738e-01 2.117205e-01
[33] 2.180153e-01 2.338014e-01 2.256288e-01 1.898291e-01 1.970977e-01 2.043134e-01 2.094090e-01 2.110696e-01 2.219182e-01 1.647031e-01 1.541623e-01 1.621832e-01 1.649122e-01 1.481284e-01 1.439480e-01 1.383891e-01
[49] 1.246360e-01 1.283297e-01 1.529323e-01 1.594751e-01 1.406310e-01 1.530641e-01 1.626203e-02 0.000000e+00 0.000000e+00

$SD$cov
               [,1]         [,2]          [,3]          [,4]          [,5]          [,6]          [,7]          [,8]          [,9]         [,10]         [,11]         [,12]         [,13]         [,14]
 [1,]  3.432417e+02 6.218204e-01 -5.734757e+02 -7.018845e+02 -7.409313e+02 -1.040341e+03 -1.072190e+03 -1.002334e+03 -1.422304e+03 -1.590282e+03 -6.659871e+02 -3.680543e+02 -4.935981e+02 -5.818970e+02
 [2,]  6.218204e-01 3.545728e+01  1.200279e+03  4.973841e+02  4.209077e+02  1.094160e+03  1.563646e+03  3.822293e+03  2.467130e+03  2.676422e+03  1.024859e+03  1.055180e+03  7.795241e+02  1.687331e+03
 [3,] -5.734757e+02 1.200279e+03  1.382961e+07  1.892359e+06  1.568556e+06  2.323445e+06  2.561725e+06  5.446844e+06  4.729599e+06  4.067479e+06  1.778411e+06  1.716091e+06  1.680848e+06  2.295220e+06
 [4,] -7.018845e+02 4.973841e+02  1.892359e+06  4.253932e+06  1.169653e+06  1.756102e+06  1.927791e+06  4.292109e+06  3.648602e+06  3.061139e+06  1.355283e+06  1.270207e+06  1.275363e+06  1.703303e+06
 [5,] -7.409313e+02 4.209077e+02  1.568556e+06  1.169653e+06  3.784471e+06  1.479182e+06  1.625568e+06  3.366137e+06  2.884934e+06  2.589206e+06  1.139532e+06  1.047972e+06  1.063788e+06  1.404089e+06
 [6,] -1.040341e+03 1.094160e+03  2.323445e+06  1.756102e+06  1.479182e+06  6.610244e+06  2.751731e+06  5.283868e+06  4.457489e+06  4.246668e+06  1.794703e+06  1.639936e+06  1.634477e+06  2.175206e+06
 [7,] -1.072190e+03 1.563646e+03  2.561725e+06  1.927791e+06  1.625568e+06  2.751731e+06  8.469082e+06  5.891468e+06  4.965876e+06  4.951138e+06  2.009678e+06  1.826602e+06  1.770722e+06  2.353025e+06
 [8,] -1.002334e+03 3.822293e+03  5.446844e+06  4.292109e+06  3.366137e+06  5.283868e+06  5.891468e+06  4.431124e+07  1.071550e+07  9.418658e+06  4.104738e+06  3.788190e+06  3.766766e+06  4.955475e+06
 [9,] -1.422304e+03 2.467130e+03  4.729599e+06  3.648602e+06  2.884934e+06  4.457489e+06  4.965876e+06  1.071550e+07  2.774818e+07  7.947687e+06  3.484366e+06  3.201589e+06  3.207638e+06  4.259195e+06
[10,] -1.590282e+03 2.676422e+03  4.067479e+06  3.061139e+06  2.589206e+06  4.246668e+06  4.951138e+06  9.418658e+06  7.947687e+06  1.999815e+07  3.282446e+06  3.022862e+06  2.923718e+06  3.970070e+06
[11,] -6.659871e+02 1.024859e+03  1.778411e+06  1.355283e+06  1.139532e+06  1.794703e+06  2.009678e+06  4.104738e+06  3.484366e+06  3.282446e+06  4.747817e+06  1.343725e+06  1.360254e+06  1.814563e+06
[12,] -3.680543e+02 1.055180e+03  1.716091e+06  1.270207e+06  1.047972e+06  1.639936e+06  1.826602e+06  3.788190e+06  3.201589e+06  3.022862e+06  1.343725e+06  4.657326e+06  1.280533e+06  1.765525e+06
[13,] -4.935981e+02 7.795241e+02  1.680848e+06  1.275363e+06  1.063788e+06  1.634477e+06  1.770722e+06  3.766766e+06  3.207638e+06  2.923718e+06  1.360254e+06  1.280533e+06  5.355406e+06  1.793518e+06
[14,] -5.818970e+02 1.687331e+03  2.295220e+06  1.703303e+06  1.404089e+06  2.175206e+06  2.353025e+06  4.955475e+06  4.259195e+06  3.970070e+06  1.814563e+06  1.765525e+06  1.793518e+06  1.041909e+07
[15,] -1.087520e+03 2.198144e+03  2.255711e+06  1.678532e+06  1.398729e+06  2.160187e+06  2.370936e+06  4.938375e+06  4.245572e+06  3.900612e+06  1.762128e+06  1.683297e+06  1.694368e+06  2.346610e+06
[16,] -4.680017e+02 1.073471e+03  2.288636e+06  1.706797e+06  1.410273e+06  2.230768e+06  2.423108e+06  4.933180e+06  4.318047e+06  3.845645e+06  1.739179e+06  1.697434e+06  1.667183e+06  2.394736e+06
[17,] -7.027713e+02 1.247373e+03  1.849624e+06  1.377712e+06  1.154524e+06  1.825352e+06  2.017452e+06  4.035204e+06  3.471716e+06  3.257677e+06  1.435331e+06  1.382445e+06  1.365374e+06  1.895097e+06
[18,] -4.773274e+02 6.719047e+02  8.941390e+05  6.227330e+05  5.696597e+05  9.716951e+05  1.104794e+06  1.922322e+06  1.664039e+06  1.744267e+06  7.533274e+05  7.053122e+05  6.989247e+05  1.006744e+06
[19,] -2.141793e+02 3.619132e+02  5.388938e+05  3.677186e+05  3.319830e+05  5.624445e+05  6.150242e+05  1.134380e+06  9.808815e+05  9.520227e+05  4.320634e+05  4.215093e+05  4.184616e+05  5.969273e+05
[20,] -2.180648e+02 4.711385e+02  6.037753e+05  4.343259e+05  3.787913e+05  6.498383e+05  7.114442e+05  1.320904e+06  1.133744e+06  1.112077e+06  4.960653e+05  4.745920e+05  4.747025e+05  6.671567e+05
[21,] -4.770181e+02 5.552357e+02  8.513171e+05  6.203835e+05  5.207425e+05  9.070494e+05  9.802062e+05  1.851424e+06  1.575468e+06  1.520614e+06  6.913649e+05  6.588988e+05  6.654980e+05  9.428946e+05
[22,] -5.134793e+02 8.211715e+02  1.014137e+06  7.060300e+05  6.323035e+05  1.043084e+06  1.165196e+06  2.115823e+06  1.837349e+06  1.847413e+06  8.192244e+05  7.901446e+05  7.967185e+05  1.129799e+06
[23,] -6.735043e+02 3.891973e+02  1.057947e+06  7.588471e+05  6.424535e+05  1.099627e+06  1.194073e+06  2.283250e+06  1.977690e+06  1.892229e+06  8.629212e+05  8.324750e+05  8.380235e+05  1.192169e+06
[24,] -2.085311e+02 1.147432e+03  1.416113e+06  1.005196e+06  8.827345e+05  1.461124e+06  1.661554e+06  3.080391e+06  2.635564e+06  2.654111e+06  1.198430e+06  1.169357e+06  1.157197e+06  1.624256e+06
[25,] -3.358239e+02 6.861767e+02  9.779648e+05  6.691942e+05  6.236612e+05  9.989985e+05  1.100430e+06  2.088838e+06  1.803432e+06  1.788131e+06  7.747349e+05  7.705599e+05  7.450063e+05  1.084335e+06
[26,] -4.896010e+02 1.294173e+03  1.161127e+06  8.478142e+05  7.081030e+05  1.235204e+06  1.271209e+06  2.565430e+06  2.209069e+06  2.131253e+06  1.001001e+06  9.606178e+05  9.507323e+05  1.380464e+06
[27,] -2.519180e+02 1.746003e+03  1.320299e+06  1.003834e+06  7.873228e+05  1.492842e+06  1.607835e+06  3.129019e+06  2.687825e+06  2.513581e+06  1.178211e+06  1.132519e+06  1.100775e+06  1.536840e+06
[28,] -1.204711e+02 1.244792e+03  1.351536e+06  9.933984e+05  8.235991e+05  1.460315e+06  1.585176e+06  3.079424e+06  2.590076e+06  2.576525e+06  1.159567e+06  1.130903e+06  1.096751e+06  1.563881e+06
[29,] -4.624917e-02 9.679905e-02  1.115318e+03  1.526133e+02  1.264995e+02  1.873792e+02  2.065958e+02  4.392723e+02  3.814286e+02  3.280305e+02  1.434238e+02  1.383978e+02  1.355556e+02  1.851029e+02
[30,] -7.303035e-02 5.175229e-02  1.968979e+02  4.426172e+02  1.217012e+02  1.827205e+02  2.005846e+02  4.465894e+02  3.796332e+02  3.185083e+02  1.410157e+02  1.321637e+02  1.327002e+02  1.772268e+02
[31,] -9.486441e-02 5.389051e-02  2.008285e+02  1.497554e+02  4.845410e+02  1.893856e+02  2.081281e+02  4.309801e+02  3.693696e+02  3.315064e+02  1.458988e+02  1.341761e+02  1.362010e+02  1.797712e+02
[32,] -8.567019e-02 9.010215e-02  1.913316e+02  1.446118e+02  1.218079e+02  5.443418e+02  2.266001e+02  4.351171e+02  3.670662e+02  3.497055e+02  1.477906e+02  1.350458e+02  1.345962e+02  1.791243e+02
[33,] -8.032312e-02 1.171405e-01  1.919116e+02  1.444205e+02  1.217795e+02  2.061460e+02  6.344613e+02  4.413593e+02  3.720186e+02  3.709145e+02  1.505551e+02  1.368399e+02  1.326536e+02  1.762769e+02
[34,] -3.520488e-02 1.342500e-01  1.913089e+02  1.507512e+02  1.182285e+02  1.855847e+02  2.069254e+02  1.556339e+03  3.763594e+02  3.308105e+02  1.441703e+02  1.330522e+02  1.322997e+02  1.740506e+02
[35,] -6.092141e-02 1.056743e-01  2.025824e+02  1.562802e+02  1.235700e+02  1.909272e+02  2.127028e+02  4.589759e+02  1.188535e+03  3.404224e+02  1.492455e+02  1.371333e+02  1.373924e+02  1.824336e+02
[36,] -6.750596e-02 1.136115e-01  1.726606e+02  1.299424e+02  1.099093e+02  1.802670e+02  2.101711e+02  3.998130e+02  3.373717e+02  8.489024e+02  1.393367e+02  1.283176e+02  1.241090e+02  1.685256e+02
[37,] -6.024213e-02 9.270405e-02  1.608669e+02  1.225926e+02  1.030768e+02  1.623406e+02  1.817862e+02  3.712957e+02  3.151797e+02  2.969149e+02  4.294656e+02  1.215472e+02  1.230423e+02  1.641371e+02
[38,] -3.484500e-02 9.989759e-02  1.624684e+02  1.202549e+02  9.921521e+01  1.552585e+02  1.729309e+02  3.586413e+02  3.031057e+02  2.861851e+02  1.272152e+02  4.409256e+02  1.212326e+02  1.671485e+02
[39,] -4.466555e-02 7.053891e-02  1.520995e+02  1.154072e+02  9.626184e+01  1.479033e+02  1.602321e+02  3.408535e+02  2.902582e+02  2.645664e+02  1.230890e+02  1.158751e+02  4.846091e+02  1.622949e+02
[40,] -3.805020e-02 1.103344e-01  1.500842e+02  1.113788e+02  9.181328e+01  1.422365e+02  1.538641e+02  3.240381e+02  2.785084e+02  2.596025e+02  1.186541e+02  1.154475e+02  1.172780e+02  6.813035e+02
[41,] -8.267877e-02 1.671141e-01  1.714906e+02  1.276105e+02  1.063385e+02  1.642283e+02  1.802506e+02  3.754403e+02  3.227699e+02  2.965443e+02  1.339659e+02  1.279727e+02  1.288145e+02  1.784012e+02
[42,] -2.630288e-02 6.033180e-02  1.286271e+02  9.592628e+01  7.926090e+01  1.253748e+02  1.361848e+02  2.772572e+02  2.426851e+02  2.161350e+02  9.774624e+01  9.540006e+01  9.369990e+01  1.345902e+02
[43,] -4.552704e-02 8.080754e-02  1.198226e+02  8.925115e+01  7.479253e+01  1.182502e+02  1.306949e+02  2.614092e+02  2.249053e+02  2.110393e+02  9.298381e+01  8.955775e+01  8.845190e+01  1.227685e+02
[44,] -4.872390e-02 6.858566e-02  9.127056e+01  6.356639e+01  5.814885e+01  9.918721e+01  1.127735e+02  1.962238e+02  1.698593e+02  1.780487e+02  7.689700e+01  7.199578e+01  7.134377e+01  1.027648e+02
[45,] -2.992057e-02 5.055879e-02  7.528275e+01  5.136981e+01  4.637759e+01  7.857275e+01  8.591807e+01  1.584714e+02  1.370279e+02  1.329963e+02  6.035869e+01  5.888429e+01  5.845853e+01  8.338996e+01
[46,] -3.520323e-02 7.605811e-02  9.747029e+01  7.011527e+01  6.115007e+01  1.049065e+02  1.148518e+02  2.132398e+02  1.830256e+02  1.795279e+02  8.008217e+01  7.661562e+01  7.663346e+01  1.077023e+02
[47,] -4.804636e-02 5.592462e-02  8.574662e+01  6.248645e+01  5.245038e+01  9.136010e+01  9.872862e+01  1.864797e+02  1.586848e+02  1.531597e+02  6.963586e+01  6.636581e+01  6.703049e+01  9.497051e+01
[48,] -4.005459e-02 6.405650e-02  7.910905e+01  5.507475e+01  4.932362e+01  8.136708e+01  9.089258e+01  1.650474e+02  1.433247e+02  1.441098e+02  6.390462e+01  6.163622e+01  6.214902e+01  8.813137e+01
[49,] -4.320303e-02 2.496570e-02  6.786374e+01  4.867749e+01  4.121123e+01  7.053735e+01  7.659577e+01  1.464628e+02  1.268621e+02  1.213801e+02  5.535349e+01  5.340047e+01  5.375638e+01  7.647362e+01
[50,] -1.034949e-02 5.694756e-02  7.028231e+01  4.988833e+01  4.381049e+01  7.251621e+01  8.246363e+01  1.528811e+02  1.308041e+02  1.317247e+02  5.947859e+01  5.803567e+01  5.743218e+01  8.061250e+01
[51,] -2.448099e-02 5.002111e-02  7.129196e+01  4.878311e+01  4.546383e+01  7.282529e+01  8.021949e+01  1.522727e+02  1.314671e+02  1.303517e+02  5.647685e+01  5.617250e+01  5.430969e+01  7.904620e+01
[52,] -3.397721e-02 8.981269e-02  8.057959e+01  5.883641e+01  4.914076e+01  8.572043e+01  8.821908e+01  1.780351e+02  1.533045e+02  1.479042e+02  6.946721e+01  6.666473e+01  6.597870e+01  9.580114e+01
[53,] -1.346069e-02 9.329388e-02  7.054731e+01  5.363767e+01  4.206888e+01  7.976674e+01  8.591117e+01  1.671923e+02  1.436181e+02  1.343077e+02  6.295515e+01  6.051368e+01  5.881750e+01  8.211767e+01
[54,] -7.879102e-03 8.141240e-02  8.839373e+01  6.497065e+01  5.386536e+01  9.550812e+01  1.036744e+02  2.014017e+02  1.693972e+02  1.685109e+02  7.583849e+01  7.396376e+01  7.173016e+01  1.022816e+02
[55,]  7.955810e-04 2.616733e-02  2.628371e+00  7.578338e-01  1.979003e+00  1.786881e+00  1.169527e+00  3.953495e+00  4.438691e+00  3.404876e+00  6.889208e-01  1.009678e+00  1.122608e+00  2.550517e+00
[56,]  0.000000e+00 0.000000e+00  0.000000e+00  0.000000e+00  0.000000e+00  0.000000e+00  0.000000e+00  0.000000e+00  0.000000e+00  0.000000e+00  0.000000e+00  0.000000e+00  0.000000e+00  0.000000e+00
[57,]  0.000000e+00 0.000000e+00  0.000000e+00  0.000000e+00  0.000000e+00  0.000000e+00  0.000000e+00  0.000000e+00  0.000000e+00  0.000000e+00  0.000000e+00  0.000000e+00  0.000000e+00  0.000000e+00
              [,15]         [,16]         [,17]         [,18]         [,19]         [,20]         [,21]         [,22]         [,23]         [,24]         [,25]         [,26]         [,27]         [,28]
 [1,] -1.087520e+03 -4.680017e+02 -7.027713e+02 -4.773274e+02 -2.141793e+02 -2.180648e+02 -4.770181e+02 -5.134793e+02 -6.735043e+02 -2.085311e+02 -3.358239e+02 -4.896010e+02 -2.519180e+02 -1.204711e+02
 [2,]  2.198144e+03  1.073471e+03  1.247373e+03  6.719047e+02  3.619132e+02  4.711385e+02  5.552357e+02  8.211715e+02  3.891973e+02  1.147432e+03  6.861767e+02  1.294173e+03  1.746003e+03  1.244792e+03
 [3,]  2.255711e+06  2.288636e+06  1.849624e+06  8.941390e+05  5.388938e+05  6.037753e+05  8.513171e+05  1.014137e+06  1.057947e+06  1.416113e+06  9.779648e+05  1.161127e+06  1.320299e+06  1.351536e+06
 [4,]  1.678532e+06  1.706797e+06  1.377712e+06  6.227330e+05  3.677186e+05  4.343259e+05  6.203835e+05  7.060300e+05  7.588471e+05  1.005196e+06  6.691942e+05  8.478142e+05  1.003834e+06  9.933984e+05
 [5,]  1.398729e+06  1.410273e+06  1.154524e+06  5.696597e+05  3.319830e+05  3.787913e+05  5.207425e+05  6.323035e+05  6.424535e+05  8.827345e+05  6.236612e+05  7.081030e+05  7.873228e+05  8.235991e+05
 [6,]  2.160187e+06  2.230768e+06  1.825352e+06  9.716951e+05  5.624445e+05  6.498383e+05  9.070494e+05  1.043084e+06  1.099627e+06  1.461124e+06  9.989985e+05  1.235204e+06  1.492842e+06  1.460315e+06
 [7,]  2.370936e+06  2.423108e+06  2.017452e+06  1.104794e+06  6.150242e+05  7.114442e+05  9.802062e+05  1.165196e+06  1.194073e+06  1.661554e+06  1.100430e+06  1.271209e+06  1.607835e+06  1.585176e+06
 [8,]  4.938375e+06  4.933180e+06  4.035204e+06  1.922322e+06  1.134380e+06  1.320904e+06  1.851424e+06  2.115823e+06  2.283250e+06  3.080391e+06  2.088838e+06  2.565430e+06  3.129019e+06  3.079424e+06
 [9,]  4.245572e+06  4.318047e+06  3.471716e+06  1.664039e+06  9.808815e+05  1.133744e+06  1.575468e+06  1.837349e+06  1.977690e+06  2.635564e+06  1.803432e+06  2.209069e+06  2.687825e+06  2.590076e+06
[10,]  3.900612e+06  3.845645e+06  3.257677e+06  1.744267e+06  9.520227e+05  1.112077e+06  1.520614e+06  1.847413e+06  1.892229e+06  2.654111e+06  1.788131e+06  2.131253e+06  2.513581e+06  2.576525e+06
[11,]  1.762128e+06  1.739179e+06  1.435331e+06  7.533274e+05  4.320634e+05  4.960653e+05  6.913649e+05  8.192244e+05  8.629212e+05  1.198430e+06  7.747349e+05  1.001001e+06  1.178211e+06  1.159567e+06
[12,]  1.683297e+06  1.697434e+06  1.382445e+06  7.053122e+05  4.215093e+05  4.745920e+05  6.588988e+05  7.901446e+05  8.324750e+05  1.169357e+06  7.705599e+05  9.606178e+05  1.132519e+06  1.130903e+06
[13,]  1.694368e+06  1.667183e+06  1.365374e+06  6.989247e+05  4.184616e+05  4.747025e+05  6.654980e+05  7.967185e+05  8.380235e+05  1.157197e+06  7.450063e+05  9.507323e+05  1.100775e+06  1.096751e+06
[14,]  2.346610e+06  2.394736e+06  1.895097e+06  1.006744e+06  5.969273e+05  6.671567e+05  9.428946e+05  1.129799e+06  1.192169e+06  1.624256e+06  1.084335e+06  1.380464e+06  1.536840e+06  1.563881e+06
[15,]  8.520643e+06  2.301254e+06  1.848118e+06  9.695850e+05  5.675626e+05  6.347037e+05  8.902456e+05  1.070459e+06  1.122385e+06  1.515912e+06  1.036354e+06  1.298665e+06  1.451885e+06  1.492744e+06
[16,]  2.301254e+06  8.587995e+06  2.080920e+06  1.079874e+06  6.925130e+05  7.497855e+05  1.040499e+06  1.194541e+06  1.410490e+06  1.830890e+06  1.176985e+06  1.447494e+06  1.718406e+06  1.680134e+06
[17,]  1.848118e+06  2.080920e+06  5.662989e+06  9.616627e+05  5.578327e+05  6.289563e+05  8.718595e+05  1.020986e+06  1.187831e+06  1.527324e+06  9.433902e+05  1.242012e+06  1.448081e+06  1.376739e+06
[18,]  9.695850e+05  1.079874e+06  9.616627e+05  2.524413e+06  3.327229e+05  3.651116e+05  5.058543e+05  6.040825e+05  6.743012e+05  8.813291e+05  5.508206e+05  7.000750e+05  7.966429e+05  7.828627e+05
[19,]  5.675626e+05  6.925130e+05  5.578327e+05  3.327229e+05  1.393546e+06  2.366595e+05  3.260352e+05  3.895924e+05  4.354159e+05  5.638619e+05  3.613142e+05  4.847677e+05  5.692679e+05  5.322083e+05
[20,]  6.347037e+05  7.497855e+05  6.289563e+05  3.651116e+05  2.366595e+05  8.419429e+05  3.766157e+05  4.124280e+05  4.858553e+05  6.088420e+05  4.065498e+05  5.692587e+05  7.197197e+05  6.455880e+05
[21,]  8.902456e+05  1.040499e+06  8.718595e+05  5.058543e+05  3.260352e+05  3.766157e+05  2.042491e+06  5.765457e+05  6.891933e+05  8.690716e+05  5.411338e+05  7.955484e+05  9.872527e+05  8.918513e+05
[22,]  1.070459e+06  1.194541e+06  1.020986e+06  6.040825e+05  3.895924e+05  4.124280e+05  5.765457e+05  3.147352e+06  7.567741e+05  1.021390e+06  6.398059e+05  8.707761e+05  9.923834e+05  9.659770e+05
[23,]  1.122385e+06  1.410490e+06  1.187831e+06  6.743012e+05  4.354159e+05  4.858553e+05  6.891933e+05  7.567741e+05  3.775195e+06  1.201088e+06  6.918917e+05  9.752907e+05  1.153791e+06  1.074330e+06
[24,]  1.515912e+06  1.830890e+06  1.527324e+06  8.813291e+05  5.638619e+05  6.088420e+05  8.690716e+05  1.021390e+06  1.201088e+06  6.685876e+06  9.318690e+05  1.251674e+06  1.525348e+06  1.443957e+06
[25,]  1.036354e+06  1.176985e+06  9.433902e+05  5.508206e+05  3.613142e+05  4.065498e+05  5.411338e+05  6.398059e+05  6.918917e+05  9.318690e+05  4.401124e+06  9.213679e+05  1.060907e+06  1.032043e+06
[26,]  1.298665e+06  1.447494e+06  1.242012e+06  7.000750e+05  4.847677e+05  5.692587e+05  7.955484e+05  8.707761e+05  9.752907e+05  1.251674e+06  9.213679e+05  5.280738e+06  1.913247e+06  1.616910e+06
[27,]  1.451885e+06  1.718406e+06  1.448081e+06  7.966429e+05  5.692679e+05  7.197197e+05  9.872527e+05  9.923834e+05  1.153791e+06  1.525348e+06  1.060907e+06  1.913247e+06  6.927014e+06  2.190646e+06
[28,]  1.492744e+06  1.680134e+06  1.376739e+06  7.828627e+05  5.322083e+05  6.455880e+05  8.918513e+05  9.659770e+05  1.074330e+06  1.443957e+06  1.032043e+06  1.616910e+06  2.190646e+06  5.477211e+06
[29,]  1.819166e+02  1.845719e+02  1.491669e+02  7.210974e+01  4.346024e+01  4.869274e+01  6.865628e+01  8.178727e+01  8.532039e+01  1.142055e+02  7.887005e+01  9.364152e+01  1.064783e+02  1.089975e+02
[30,]  1.746495e+02  1.775904e+02  1.433495e+02  6.479472e+01  3.826074e+01  4.519115e+01  6.455025e+01  7.346168e+01  7.895725e+01  1.045896e+02  6.962895e+01  8.821418e+01  1.044479e+02  1.033621e+02
[31,]  1.790849e+02  1.805629e+02  1.478183e+02  7.293582e+01  4.250512e+01  4.849818e+01  6.667275e+01  8.095635e+01  8.225590e+01  1.130200e+02  7.984985e+01  9.066127e+01  1.008041e+02  1.054487e+02
[32,]  1.778875e+02  1.836998e+02  1.503144e+02  8.001735e+01  4.631629e+01  5.351302e+01  7.469389e+01  8.589611e+01  9.055229e+01  1.203210e+02  8.226574e+01  1.017169e+02  1.229328e+02  1.202543e+02
[33,]  1.776187e+02  1.815272e+02  1.511374e+02  8.276566e+01  4.607454e+01  5.329785e+01  7.343215e+01  8.729068e+01  8.945400e+01  1.244753e+02  8.243875e+01  9.523264e+01  1.204510e+02  1.187535e+02
[34,]  1.734500e+02  1.732675e+02  1.417280e+02  6.751749e+01  3.984270e+01  4.639397e+01  6.502737e+01  7.431383e+01  8.019432e+01  1.081922e+02  7.336602e+01  9.010530e+01  1.099002e+02  1.081583e+02
[35,]  1.818501e+02  1.849544e+02  1.487036e+02  7.127561e+01  4.201399e+01  4.856153e+01  6.748186e+01  7.869896e+01  8.471016e+01  1.128888e+02  7.724622e+01  9.462082e+01  1.151273e+02  1.109404e+02
[36,]  1.655772e+02  1.632439e+02  1.382853e+02  7.404248e+01  4.041245e+01  4.720662e+01  6.454861e+01  7.842093e+01  8.032329e+01  1.126645e+02  7.590444e+01  9.046964e+01  1.066991e+02  1.093710e+02
[37,]  1.593940e+02  1.573181e+02  1.298334e+02  6.814253e+01  3.908247e+01  4.487179e+01  6.253768e+01  7.410326e+01  7.805588e+01  1.084045e+02  7.007895e+01  9.054592e+01  1.065756e+02  1.048891e+02
[38,]  1.593636e+02  1.607020e+02  1.308809e+02  6.677440e+01  3.990578e+01  4.493130e+01  6.238028e+01  7.480579e+01  7.881335e+01  1.107071e+02  7.295163e+01  9.094508e+01  1.072196e+02  1.070666e+02
[39,]  1.533229e+02  1.508629e+02  1.235523e+02  6.324550e+01  3.786647e+01  4.295569e+01  6.022072e+01  7.209482e+01  7.583250e+01  1.047144e+02  6.741540e+01  8.603149e+01  9.960879e+01  9.924468e+01
[40,]  1.534446e+02  1.565916e+02  1.239203e+02  6.583087e+01  3.903303e+01  4.362532e+01  6.165580e+01  7.387745e+01  7.795583e+01  1.062099e+02  7.090460e+01  9.026845e+01  1.004938e+02  1.022621e+02
[41,]  6.477824e+02  1.749530e+02  1.405033e+02  7.371277e+01  4.314899e+01  4.825339e+01  6.768099e+01  8.138170e+01  8.532937e+01  1.152473e+02  7.878887e+01  9.873107e+01  1.103797e+02  1.134860e+02
[42,]  1.293363e+02  4.826670e+02  1.169530e+02  6.069165e+01  3.892098e+01  4.213984e+01  5.847870e+01  6.713625e+01  7.927313e+01  1.029007e+02  6.614952e+01  8.135281e+01  9.657876e+01  9.442777e+01
[43,]  1.197251e+02  1.348065e+02  3.668607e+02  6.229859e+01  3.613761e+01  4.074515e+01  5.648094e+01  6.614167e+01  7.695027e+01  9.894334e+01  6.111485e+01  8.046023e+01  9.380982e+01  8.918809e+01
[44,]  9.897182e+01  1.102297e+02  9.816314e+01  2.576831e+02  3.396318e+01  3.726931e+01  5.163582e+01  6.166261e+01  6.883029e+01  8.996296e+01  5.622582e+01  7.146119e+01  8.131850e+01  7.991187e+01
[45,]  7.928775e+01  9.674316e+01  7.792850e+01  4.648095e+01  1.946765e+02  3.306102e+01  4.554668e+01  5.442555e+01  6.082703e+01  7.877076e+01  5.047511e+01  6.772141e+01  7.952598e+01  7.434879e+01
[46,]  1.024632e+02  1.210414e+02  1.015354e+02  5.894169e+01  3.820506e+01  1.359188e+02  6.079885e+01  6.658019e+01  7.843391e+01  9.828823e+01  6.563125e+01  9.189811e+01  1.161877e+02  1.042203e+02
[47,]  8.966759e+01  1.048015e+02  8.781569e+01  5.095081e+01  3.283901e+01  3.793360e+01  2.057244e+02  5.807101e+01  6.941714e+01  8.753489e+01  5.450424e+01  8.012946e+01  9.943836e+01  8.982931e+01
[48,]  8.350247e+01  9.318169e+01  7.964328e+01  4.712221e+01  3.039064e+01  3.217196e+01  4.497417e+01  2.455131e+02  5.903310e+01  7.967478e+01  4.990886e+01  6.792598e+01  7.741211e+01  7.535224e+01
[49,]  7.199719e+01  9.047821e+01  7.619537e+01  4.325415e+01  2.793046e+01  3.116598e+01  4.420943e+01  4.854451e+01  2.421660e+02  7.704576e+01  4.438252e+01  6.256161e+01  7.401179e+01  6.891467e+01
[50,]  7.523534e+01  9.086787e+01  7.580174e+01  4.374074e+01  2.798470e+01  3.021709e+01  4.313239e+01  5.069201e+01  5.961052e+01  3.318229e+02  4.624905e+01  6.212114e+01  7.570365e+01  7.166420e+01
[51,]  7.554842e+01  8.580018e+01  6.877153e+01  4.015388e+01  2.633919e+01  2.963678e+01  3.944773e+01  4.664076e+01  5.043772e+01  6.793166e+01  3.208344e+02  6.716615e+01  7.733832e+01  7.523420e+01
[52,]  9.012443e+01  1.004528e+02  8.619287e+01  4.858364e+01  3.364179e+01  3.950528e+01  5.520928e+01  6.042992e+01  6.768300e+01  8.686341e+01  6.394087e+01  3.664714e+02  1.327750e+02  1.122099e+02
[53,]  7.757832e+01  9.181928e+01  7.737506e+01  4.256688e+01  3.041759e+01  3.845665e+01  5.275170e+01  5.302585e+01  6.165030e+01  8.150362e+01  5.668726e+01  1.022302e+02  3.701299e+02  1.170524e+02
[54,]  9.762904e+01  1.098848e+02  9.004201e+01  5.120111e+01  3.480770e+01  4.222301e+01  5.832922e+01  6.317722e+01  7.026379e+01  9.443827e+01  6.749812e+01  1.057498e+02  1.432735e+02  3.582228e+02
[55,]  2.604639e+00  1.670369e+00  2.572469e+00  1.072026e+00  3.167640e-01  6.365287e-01  4.559160e-02  7.271894e-01  9.939560e-02  2.942658e-01  2.126851e+00  8.245114e-01  3.887998e-01  2.171434e-01
[56,]  0.000000e+00  0.000000e+00  0.000000e+00  0.000000e+00  0.000000e+00  0.000000e+00  0.000000e+00  0.000000e+00  0.000000e+00  0.000000e+00  0.000000e+00  0.000000e+00  0.000000e+00  0.000000e+00
[57,]  0.000000e+00  0.000000e+00  0.000000e+00  0.000000e+00  0.000000e+00  0.000000e+00  0.000000e+00  0.000000e+00  0.000000e+00  0.000000e+00  0.000000e+00  0.000000e+00  0.000000e+00  0.000000e+00
              [,29]         [,30]         [,31]         [,32]         [,33]         [,34]         [,35]         [,36]         [,37]         [,38]         [,39]         [,40]         [,41]         [,42]
 [1,] -4.624917e-02 -7.303035e-02 -9.486441e-02 -8.567019e-02 -8.032312e-02 -3.520488e-02 -6.092141e-02 -6.750596e-02 -6.024213e-02 -3.484500e-02 -4.466555e-02 -3.805020e-02 -8.267877e-02 -2.630288e-02
 [2,]  9.679905e-02  5.175229e-02  5.389051e-02  9.010215e-02  1.171405e-01  1.342500e-01  1.056743e-01  1.136115e-01  9.270405e-02  9.989759e-02  7.053891e-02  1.103344e-01  1.671141e-01  6.033180e-02
 [3,]  1.115318e+03  1.968979e+02  2.008285e+02  1.913316e+02  1.919116e+02  1.913089e+02  2.025824e+02  1.726606e+02  1.608669e+02  1.624684e+02  1.520995e+02  1.500842e+02  1.714906e+02  1.286271e+02
 [4,]  1.526133e+02  4.426172e+02  1.497554e+02  1.446118e+02  1.444205e+02  1.507512e+02  1.562802e+02  1.299424e+02  1.225926e+02  1.202549e+02  1.154072e+02  1.113788e+02  1.276105e+02  9.592628e+01
 [5,]  1.264995e+02  1.217012e+02  4.845410e+02  1.218079e+02  1.217795e+02  1.182285e+02  1.235700e+02  1.099093e+02  1.030768e+02  9.921521e+01  9.626184e+01  9.181328e+01  1.063385e+02  7.926090e+01
 [6,]  1.873792e+02  1.827205e+02  1.893856e+02  5.443418e+02  2.061460e+02  1.855847e+02  1.909272e+02  1.802670e+02  1.623406e+02  1.552585e+02  1.479033e+02  1.422365e+02  1.642283e+02  1.253748e+02
 [7,]  2.065958e+02  2.005846e+02  2.081281e+02  2.266001e+02  6.344613e+02  2.069254e+02  2.127028e+02  2.101711e+02  1.817862e+02  1.729309e+02  1.602321e+02  1.538641e+02  1.802506e+02  1.361848e+02
 [8,]  4.392723e+02  4.465894e+02  4.309801e+02  4.351171e+02  4.413593e+02  1.556339e+03  4.589759e+02  3.998130e+02  3.712957e+02  3.586413e+02  3.408535e+02  3.240381e+02  3.754403e+02  2.772572e+02
 [9,]  3.814286e+02  3.796332e+02  3.693696e+02  3.670662e+02  3.720186e+02  3.763594e+02  1.188535e+03  3.373717e+02  3.151797e+02  3.031057e+02  2.902582e+02  2.785084e+02  3.227699e+02  2.426851e+02
[10,]  3.280305e+02  3.185083e+02  3.315064e+02  3.497055e+02  3.709145e+02  3.308105e+02  3.404224e+02  8.489024e+02  2.969149e+02  2.861851e+02  2.645664e+02  2.596025e+02  2.965443e+02  2.161350e+02
[11,]  1.434238e+02  1.410157e+02  1.458988e+02  1.477906e+02  1.505551e+02  1.441703e+02  1.492455e+02  1.393367e+02  4.294656e+02  1.272152e+02  1.230890e+02  1.186541e+02  1.339659e+02  9.774624e+01
[12,]  1.383978e+02  1.321637e+02  1.341761e+02  1.350458e+02  1.368399e+02  1.330522e+02  1.371333e+02  1.283176e+02  1.215472e+02  4.409256e+02  1.158751e+02  1.154475e+02  1.279727e+02  9.540006e+01
[13,]  1.355556e+02  1.327002e+02  1.362010e+02  1.345962e+02  1.326536e+02  1.322997e+02  1.373924e+02  1.241090e+02  1.230423e+02  1.212326e+02  4.846091e+02  1.172780e+02  1.288145e+02  9.369990e+01
[14,]  1.851029e+02  1.772268e+02  1.797712e+02  1.791243e+02  1.762769e+02  1.740506e+02  1.824336e+02  1.685256e+02  1.641371e+02  1.671485e+02  1.622949e+02  6.813035e+02  1.784012e+02  1.345902e+02
[15,]  1.819166e+02  1.746495e+02  1.790849e+02  1.778875e+02  1.776187e+02  1.734500e+02  1.818501e+02  1.655772e+02  1.593940e+02  1.593636e+02  1.533229e+02  1.534446e+02  6.477824e+02  1.293363e+02
[16,]  1.845719e+02  1.775904e+02  1.805629e+02  1.836998e+02  1.815272e+02  1.732675e+02  1.849544e+02  1.632439e+02  1.573181e+02  1.607020e+02  1.508629e+02  1.565916e+02  1.749530e+02  4.826670e+02
[17,]  1.491669e+02  1.433495e+02  1.478183e+02  1.503144e+02  1.511374e+02  1.417280e+02  1.487036e+02  1.382853e+02  1.298334e+02  1.308809e+02  1.235523e+02  1.239203e+02  1.405033e+02  1.169530e+02
[18,]  7.210974e+01  6.479472e+01  7.293582e+01  8.001735e+01  8.276566e+01  6.751749e+01  7.127561e+01  7.404248e+01  6.814253e+01  6.677440e+01  6.324550e+01  6.583087e+01  7.371277e+01  6.069165e+01
[19,]  4.346024e+01  3.826074e+01  4.250512e+01  4.631629e+01  4.607454e+01  3.984270e+01  4.201399e+01  4.041245e+01  3.908247e+01  3.990578e+01  3.786647e+01  3.903303e+01  4.314899e+01  3.892098e+01
[20,]  4.869274e+01  4.519115e+01  4.849818e+01  5.351302e+01  5.329785e+01  4.639397e+01  4.856153e+01  4.720662e+01  4.487179e+01  4.493130e+01  4.295569e+01  4.362532e+01  4.825339e+01  4.213984e+01
[21,]  6.865628e+01  6.455025e+01  6.667275e+01  7.469389e+01  7.343215e+01  6.502737e+01  6.748186e+01  6.454861e+01  6.253768e+01  6.238028e+01  6.022072e+01  6.165580e+01  6.768099e+01  5.847870e+01
[22,]  8.178727e+01  7.346168e+01  8.095635e+01  8.589611e+01  8.729068e+01  7.431383e+01  7.869896e+01  7.842093e+01  7.410326e+01  7.480579e+01  7.209482e+01  7.387745e+01  8.138170e+01  6.713625e+01
[23,]  8.532039e+01  7.895725e+01  8.225590e+01  9.055229e+01  8.945400e+01  8.019432e+01  8.471016e+01  8.032329e+01  7.805588e+01  7.881335e+01  7.583250e+01  7.795583e+01  8.532937e+01  7.927313e+01
[24,]  1.142055e+02  1.045896e+02  1.130200e+02  1.203210e+02  1.244753e+02  1.081922e+02  1.128888e+02  1.126645e+02  1.084045e+02  1.107071e+02  1.047144e+02  1.062099e+02  1.152473e+02  1.029007e+02
[25,]  7.887005e+01  6.962895e+01  7.984985e+01  8.226574e+01  8.243875e+01  7.336602e+01  7.724622e+01  7.590444e+01  7.007895e+01  7.295163e+01  6.741540e+01  7.090460e+01  7.878887e+01  6.614952e+01
[26,]  9.364152e+01  8.821418e+01  9.066127e+01  1.017169e+02  9.523264e+01  9.010530e+01  9.462082e+01  9.046964e+01  9.054592e+01  9.094508e+01  8.603149e+01  9.026845e+01  9.873107e+01  8.135281e+01
[27,]  1.064783e+02  1.044479e+02  1.008041e+02  1.229328e+02  1.204510e+02  1.099002e+02  1.151273e+02  1.066991e+02  1.065756e+02  1.072196e+02  9.960879e+01  1.004938e+02  1.103797e+02  9.657876e+01
[28,]  1.089975e+02  1.033621e+02  1.054487e+02  1.202543e+02  1.187535e+02  1.081583e+02  1.109404e+02  1.093710e+02  1.048891e+02  1.070666e+02  9.924468e+01  1.022621e+02  1.134860e+02  9.442777e+01
[29,]  8.994721e-02  1.587925e-02  1.619624e-02  1.543034e-02  1.547712e-02  1.542851e-02  1.633769e-02  1.392458e-02  1.297345e-02  1.310261e-02  1.226639e-02  1.210386e-02  1.383022e-02  1.037341e-02
[30,]  1.587925e-02  4.605385e-02  1.558189e-02  1.504671e-02  1.502680e-02  1.568551e-02  1.626079e-02  1.352037e-02  1.275563e-02  1.251240e-02  1.200800e-02  1.158885e-02  1.327774e-02  9.981029e-03
[31,]  1.619624e-02  1.558189e-02  6.203773e-02  1.559556e-02  1.559191e-02  1.513726e-02  1.582117e-02  1.407213e-02  1.319733e-02  1.270292e-02  1.232479e-02  1.175522e-02  1.361494e-02  1.014809e-02
[32,]  1.543034e-02  1.504671e-02  1.559556e-02  4.482557e-02  1.697575e-02  1.528257e-02  1.572251e-02  1.484466e-02  1.336846e-02  1.278526e-02  1.217957e-02  1.171292e-02  1.352391e-02  1.032439e-02
[33,]  1.547712e-02  1.502680e-02  1.559191e-02  1.697575e-02  4.753067e-02  1.550181e-02  1.593463e-02  1.574497e-02  1.361852e-02  1.295512e-02  1.200379e-02  1.152673e-02  1.350347e-02  1.020229e-02
